0.333732 , 0.596858 , 0.426012 , 0.365960 , 0.777553 , 0.855824 , 0.772919 , 0.560698 , 0.305197 , 0.046624 , 0.463670 , 0.577011 , 30.000000
0.808467 , 0.996631 , 0.569425 , 0.065473 , 0.780678 , 0.823442 , 0.711534 , 0.489893 , 0.213713 , 0.350626 , 0.095785 , 0.934400 , 30.000000
0.618001 , 0.689805 , 0.513873 , 0.326869 , 0.644727 , 0.620377 , 0.482925 , 0.482385 , 0.187083 , 0.208094 , 0.226281 , 0.273064 , 30.000000
0.410223 , 0.695951 , 0.621222 , 0.672093 , 0.845137 , 0.901775 , 0.787643 , 0.525369 , 0.190172 , 0.145670 , 0.236481 , 0.540017 , 30.000000
0.359435 , 0.545909 , 0.572864 , 0.717344 , 0.754404 , 0.746962 , 0.600378 , 0.500024 , 0.066526 , 0.274142 , 0.170560 , 0.569469 , 30.000000
0.333402 , 0.503609 , 0.662571 , 0.852038 , 0.686021 , 0.718672 , 0.618223 , 0.600381 , 0.320356 , 0.029018 , 0.555879 , 0.261621 , 20.000000
0.445441 , 0.732172 , 0.798361 , 0.678220 , 0.821782 , 0.909058 , 0.824216 , 0.351506 , 0.091167 , 0.037143 , 0.509492 , 0.991808 , 30.000000
0.342505 , 0.392344 , 0.544498 , 0.727778 , 0.529357 , 0.542577 , 0.458941 , 0.664241 , 0.435537 , 0.004297 , 0.857906 , 0.085950 , 30.000000
0.271419 , 0.307234 , 0.423757 , 0.732141 , 0.495221 , 0.510172 , 0.434965 , 0.457475 , 0.139043 , 0.053360 , 0.431192 , 0.045966 , 30.000000
0.696146 , 0.556711 , 0.878435 , 0.481837 , 0.382915 , 0.321581 , 0.208627 , 0.626821 , 0.138530 , 1.000000 , 0.012101 , 0.032183 , 30.000000
0.325718 , 0.300702 , 0.618655 , 0.702854 , 0.341358 , 0.429366 , 0.444264 , 0.668395 , 0.413419 , 0.003715 , 0.845077 , 0.081854 , 30.000000
0.558465 , 0.829027 , 0.603816 , 0.226357 , 0.702523 , 0.903824 , 0.934666 , 0.407104 , 0.351735 , 0.086377 , 0.545616 , 0.975229 , 20.000000
0.540565 , 0.828818 , 0.730266 , 0.474723 , 0.924219 , 0.926977 , 0.753489 , 0.310300 , 0.051449 , 0.061491 , 0.397437 , 0.991938 , 30.000000
0.394680 , 0.597896 , 0.619285 , 0.696915 , 0.706478 , 0.777471 , 0.703422 , 0.544651 , 0.326420 , 0.023770 , 0.576122 , 0.327092 , 30.000000
0.353045 , 0.471493 , 0.556405 , 0.761694 , 0.627379 , 0.645541 , 0.545623 , 0.548005 , 0.166788 , 0.153282 , 0.230777 , 0.135622 , 20.000000
0.339791 , 0.534499 , 0.310192 , 0.172407 , 0.729510 , 0.755874 , 0.641428 , 0.643790 , 0.410841 , 0.047713 , 0.458136 , 0.191210 , 30.000000
0.528042 , 0.807644 , 0.565413 , 0.215737 , 0.724894 , 0.912150 , 0.927158 , 0.598142 , 0.335315 , 0.044850 , 0.467091 , 0.998830 , 30.000000
0.359562 , 0.544801 , 0.711224 , 0.701455 , 0.670360 , 0.745162 , 0.681611 , 0.673275 , 0.087613 , 0.547840 , 0.066653 , 0.359209 , 30.000000
0.390520 , 0.276119 , 0.705514 , 0.768056 , 0.252682 , 0.308161 , 0.315382 , 0.612697 , 0.326477 , 0.002628 , 0.912419 , 0.039984 , 10.000000
0.561996 , 0.712249 , 0.579844 , 0.390210 , 0.775836 , 0.726897 , 0.542746 , 0.466062 , 0.158399 , 0.285518 , 0.181102 , 0.484624 , 30.000000
0.331576 , 0.463741 , 0.976076 , 0.911114 , 0.589887 , 0.662244 , 0.613348 , 0.529342 , 0.287467 , 0.049048 , 0.498854 , 0.358039 , 30.000000
0.427865 , 0.129020 , 0.570857 , 0.465476 , 0.043633 , 0.042178 , 0.047073 , 0.563976 , 0.234067 , 0.028849 , 0.697595 , 0.031662 , 10.000000
0.692190 , 0.930296 , 0.762659 , 0.247244 , 0.809536 , 0.877970 , 0.780606 , 0.549023 , 0.140057 , 0.412650 , 0.065359 , 0.972564 , 30.000000
0.335068 , 0.399523 , 0.633790 , 0.809244 , 0.575359 , 0.562916 , 0.449291 , 0.635724 , 0.377184 , 0.009798 , 0.789548 , 0.132046 , 30.000000
0.356531 , 0.301533 , 0.418969 , 0.630360 , 0.482053 , 0.390206 , 0.232421 , 0.468144 , 0.199327 , 0.060696 , 0.401621 , 0.031142 , 30.000000
0.502090 , 0.664242 , 0.547835 , 0.579584 , 0.773921 , 0.734583 , 0.558495 , 0.569886 , 0.385355 , 0.018330 , 0.666470 , 0.228984 , 30.000000
0.468450 , 0.557636 , 0.251364 , 0.000000 , 0.695939 , 0.621382 , 0.433261 , 0.812838 , 0.665006 , 0.033587 , 0.560710 , 0.153696 , 30.000000
0.459869 , 0.184091 , 0.633965 , 0.475048 , 0.028956 , 0.081485 , 0.132524 , 0.495426 , 0.210986 , 0.013606 , 0.675951 , 0.034783 , 10.000000
0.948180 , 0.733714 , 0.764243 , 0.067652 , 0.376477 , 0.252405 , 0.090671 , 0.534128 , 0.365465 , 0.128783 , 0.277870 , 0.017554 , 30.000000
0.449557 , 0.600273 , 0.619730 , 0.592886 , 0.650878 , 0.709053 , 0.636242 , 0.437962 , 0.178665 , 0.061155 , 0.397890 , 0.284767 , 20.000000
0.336310 , 0.476620 , 0.637512 , 0.664553 , 0.584394 , 0.675041 , 0.641887 , 0.493003 , 0.125050 , 0.173567 , 0.207911 , 0.260516 , 30.000000
0.405054 , 0.460081 , 0.676188 , 0.782107 , 0.550742 , 0.560536 , 0.469752 , 0.621119 , 0.436884 , 0.005619 , 0.841578 , 0.095898 , 10.000000
0.413305 , 0.691861 , 0.594314 , 0.462819 , 0.736563 , 0.891701 , 0.878648 , 0.477913 , 0.105285 , 0.191588 , 0.164248 , 0.719069 , 30.000000
0.557649 , 0.343237 , 0.595920 , 0.399855 , 0.125306 , 0.188138 , 0.227521 , 0.477647 , 0.212422 , 0.009226 , 0.723426 , 0.023991 , 10.000000
0.373505 , 0.655519 , 0.336850 , 0.312271 , 0.765089 , 0.890245 , 0.847359 , 0.539842 , 0.311324 , 0.031531 , 0.523613 , 0.723750 , 30.000000
0.508217 , 0.801749 , 0.509303 , 0.412729 , 0.813261 , 0.929436 , 0.869434 , 0.954468 , 0.958126 , 0.002145 , 0.941359 , 0.807165 , 30.000000
0.243349 , 0.184129 , 0.472341 , 0.733074 , 0.341775 , 0.365329 , 0.328663 , 0.560854 , 0.225730 , 0.034642 , 0.523380 , 0.040374 , 30.000000
0.361329 , 0.632126 , 0.307168 , 0.450368 , 0.915562 , 0.871688 , 0.662744 , 0.506472 , 0.215257 , 0.132643 , 0.291434 , 0.717054 , 30.000000
0.647048 , 0.903621 , 0.437780 , 0.090572 , 0.866401 , 0.897779 , 0.759084 , 0.510792 , 0.269537 , 0.037874 , 0.487563 , 0.952344 , 30.000000
0.272325 , 0.332331 , 0.442699 , 0.794997 , 0.532713 , 0.546013 , 0.461750 , 0.565170 , 0.347440 , 0.015574 , 0.677668 , 0.075743 , 30.000000
0.679421 , 0.699402 , 0.611146 , 0.333306 , 0.616694 , 0.554035 , 0.391772 , 0.498343 , 0.284501 , 0.026081 , 0.623548 , 0.136792 , 30.000000
0.331269 , 0.586577 , 0.538997 , 0.628840 , 0.704155 , 0.843884 , 0.825212 , 0.795158 , 0.536939 , 0.047367 , 0.511064 , 0.425785 , 30.000000
0.308614 , 0.364086 , 0.608534 , 0.720634 , 0.454086 , 0.545304 , 0.539501 , 0.597370 , 0.278329 , 0.026216 , 0.585973 , 0.092712 , 30.000000
0.352248 , 0.548731 , 0.657609 , 0.671324 , 0.626930 , 0.760547 , 0.752933 , 0.246366 , 0.189760 , 0.358522 , 0.244976 , 0.403225 , 20.000000
0.293941 , 0.226400 , 0.589432 , 0.848822 , 0.393065 , 0.361387 , 0.270023 , 0.614255 , 0.349751 , 0.013901 , 0.714535 , 0.059879 , 30.000000
0.388763 , 0.381563 , 0.708375 , 0.829124 , 0.440381 , 0.466041 , 0.410706 , 0.540114 , 0.204465 , 0.062404 , 0.496171 , 0.132176 , 30.000000
0.368224 , 0.592224 , 0.547773 , 0.683379 , 0.759605 , 0.803779 , 0.697346 , 0.339811 , 0.036547 , 0.190177 , 0.159136 , 0.441844 , 30.000000
0.404450 , 0.640218 , 0.613026 , 0.570300 , 0.724101 , 0.827110 , 0.774995 , 0.593461 , 0.393684 , 0.014070 , 0.682961 , 0.427215 , 30.000000
0.529477 , 0.867993 , 0.551082 , 0.264916 , 0.877276 , 0.999311 , 0.930776 , 0.570436 , 0.295348 , 0.026702 , 0.601755 , 0.996944 , 30.000000
0.561959 , 0.860859 , 0.672196 , 0.479696 , 0.957793 , 0.946211 , 0.754341 , 0.376069 , 0.120273 , 0.011251 , 0.714577 , 0.991158 , 30.000000
0.434397 , 0.653545 , 0.548314 , 0.611449 , 0.784366 , 0.807523 , 0.679193 , 0.538703 , 0.269938 , 0.037037 , 0.534550 , 0.479358 , 30.000000
0.319950 , 0.442783 , 0.489224 , 0.736797 , 0.642653 , 0.646559 , 0.532102 , 0.485928 , 0.190397 , 0.062991 , 0.399502 , 0.149665 , 30.000000
0.376137 , 0.465525 , 0.697894 , 0.813919 , 0.618909 , 0.606469 , 0.483858 , 0.568628 , 0.314913 , 0.010819 , 0.756673 , 0.180027 , 30.000000
0.473282 , 0.396292 , 0.549684 , 0.461768 , 0.346481 , 0.376995 , 0.344917 , 0.527145 , 0.217614 , 0.025426 , 0.559093 , 0.108055 , 20.000000
0.309013 , 0.572781 , 0.543409 , 0.577327 , 0.782004 , 0.852699 , 0.762825 , 0.543013 , 0.075523 , 0.162545 , 0.207593 , 0.436318 , 30.000000
0.433752 , 0.563732 , 0.569743 , 0.487393 , 0.662065 , 0.675855 , 0.565286 , 0.476990 , 0.137850 , 0.125540 , 0.276904 , 0.289123 , 30.000000
0.323808 , 0.208011 , 0.441131 , 0.631382 , 0.288232 , 0.295108 , 0.256173 , 0.602950 , 0.340546 , 0.006640 , 0.813469 , 0.029842 , 30.000000
0.409993 , 0.281531 , 0.577993 , 0.712059 , 0.320172 , 0.290623 , 0.216004 , 0.495811 , 0.308055 , 0.008748 , 0.781667 , 0.007867 , 10.000000
0.320425 , 0.354950 , 0.443884 , 0.688703 , 0.516372 , 0.516344 , 0.424808 , 0.437212 , 0.200050 , 0.059479 , 0.406564 , 0.075613 , 30.000000
0.455574 , 0.635336 , 0.628167 , 0.704911 , 0.766198 , 0.752901 , 0.599206 , 0.704594 , 0.535498 , 0.008215 , 0.792209 , 0.270269 , 30.000000
0.452779 , 0.443906 , 0.683658 , 0.614168 , 0.450775 , 0.474120 , 0.414791 , 0.522224 , 0.227123 , 0.062797 , 0.454794 , 0.136142 , 30.000000
0.541561 , 0.815564 , 0.493728 , 0.283223 , 0.918257 , 0.906115 , 0.721959 , 0.464773 , 0.179804 , 0.020663 , 0.638707 , 0.967687 , 30.000000
0.237333 , 0.121235 , 0.507785 , 0.838677 , 0.316300 , 0.280416 , 0.201536 , 0.565758 , 0.314302 , 0.009710 , 0.758680 , 0.015864 , 30.000000
0.390169 , 0.572747 , 0.689451 , 0.799266 , 0.748608 , 0.746280 , 0.604975 , 0.534371 , 0.202833 , 0.090387 , 0.365020 , 0.393017 , 30.000000
0.416085 , 0.632432 , 0.580097 , 0.568419 , 0.697239 , 0.800374 , 0.753903 , 0.413567 , 0.108402 , 0.132768 , 0.247095 , 0.472921 , 20.000000
0.697204 , 0.951372 , 0.628792 , 0.189491 , 0.804052 , 0.902495 , 0.830231 , 0.475905 , 0.220459 , 0.028645 , 0.587772 , 0.996034 , 30.000000
0.605554 , 0.883185 , 0.575710 , 0.204195 , 0.785124 , 0.922013 , 0.884361 , 0.535002 , 0.275012 , 0.050548 , 0.464008 , 0.985827 , 30.000000
0.547967 , 0.259353 , 0.640565 , 0.426534 , 0.088450 , 0.077061 , 0.064772 , 0.429172 , 0.163469 , 0.030348 , 0.539634 , 0.027566 , 30.000000
0.583179 , 0.762245 , 0.724750 , 0.402146 , 0.680043 , 0.772899 , 0.721767 , 0.588302 , 0.355214 , 0.013545 , 0.696549 , 0.458228 , 30.000000
0.173041 , 0.176169 , 0.323996 , 0.630891 , 0.354711 , 0.445733 , 0.460284 , 0.572377 , 0.276190 , 0.032382 , 0.592693 , 0.012808 , 30.000000
0.600899 , 0.856986 , 0.428849 , 0.187054 , 0.915936 , 0.889460 , 0.694334 , 0.473413 , 0.221216 , 0.036956 , 0.536222 , 0.981146 , 30.000000
0.273042 , 0.255754 , 0.510044 , 0.735739 , 0.357162 , 0.432089 , 0.433279 , 0.638271 , 0.378446 , 0.002037 , 0.880130 , 0.051687 , 10.000000
0.418723 , 0.539353 , 0.533563 , 0.680927 , 0.731464 , 0.659583 , 0.466266 , 0.434446 , 0.249662 , 0.021677 , 0.637614 , 0.200767 , 30.000000
0.297985 , 0.609835 , 0.495209 , 0.575123 , 0.780850 , 0.921822 , 0.888315 , 0.843090 , 0.553023 , 0.030920 , 0.682841 , 0.775502 , 30.000000
0.273905 , 0.341019 , 0.611425 , 0.847232 , 0.524704 , 0.556762 , 0.489133 , 0.431914 , 0.221857 , 0.015940 , 0.687312 , 0.044145 , 30.000000
0.485074 , 0.519456 , 0.504217 , 0.521326 , 0.572142 , 0.543261 , 0.417172 , 0.554201 , 0.182870 , 0.150713 , 0.280616 , 0.315324 , 30.000000
0.672056 , 0.442004 , 0.666270 , 0.345602 , 0.305032 , 0.183913 , 0.039284 , 0.508402 , 0.057075 , 0.699063 , 0.012667 , 0.003576 , 30.000000
0.285561 , 0.378941 , 0.356294 , 0.527949 , 0.569741 , 0.597435 , 0.517026 , 0.517473 , 0.268154 , 0.075466 , 0.413469 , 0.108966 , 20.000000
0.375351 , 0.524440 , 0.650200 , 0.824555 , 0.702225 , 0.694426 , 0.558326 , 0.519918 , 0.256824 , 0.056105 , 0.392484 , 0.145764 , 30.000000
0.535442 , 0.823179 , 0.367302 , 0.206681 , 0.910081 , 0.925372 , 0.764812 , 0.588207 , 0.335948 , 0.012885 , 0.724787 , 0.804564 , 30.000000
0.621061 , 0.879081 , 0.611555 , 0.218681 , 0.851459 , 0.895633 , 0.770242 , 0.495408 , 0.140604 , 0.605339 , 0.020334 , 0.976529 , 30.000000
0.391548 , 0.583140 , 0.683040 , 0.749223 , 0.748704 , 0.759805 , 0.629207 , 0.409050 , 0.055624 , 0.133762 , 0.302926 , 0.494636 , 30.000000
0.570312 , 0.784792 , 0.492928 , 0.186423 , 0.804495 , 0.823030 , 0.686854 , 0.493343 , 0.235965 , 0.106363 , 0.305922 , 0.662441 , 20.000000
0.542417 , 0.442217 , 0.683249 , 0.554373 , 0.382390 , 0.354141 , 0.267719 , 0.351907 , 0.160414 , 0.127458 , 0.253157 , 0.024251 , 30.000000
0.306422 , 0.543846 , 0.511757 , 0.735640 , 0.767707 , 0.813402 , 0.706511 , 0.435876 , 0.044652 , 0.142942 , 0.229720 , 0.489565 , 30.000000
0.336926 , 0.405431 , 0.574444 , 0.796651 , 0.633293 , 0.569199 , 0.402363 , 0.449641 , 0.203746 , 0.051433 , 0.453976 , 0.126455 , 30.000000
0.318063 , 0.569133 , 0.610448 , 0.661230 , 0.750691 , 0.835454 , 0.763278 , 0.513200 , 0.024492 , 0.210889 , 0.126502 , 0.599506 , 30.000000
0.323824 , 0.461970 , 0.526905 , 0.756228 , 0.660607 , 0.669791 , 0.555844 , 0.507563 , 0.179093 , 0.082940 , 0.392846 , 0.225863 , 20.000000
0.427956 , 0.373596 , 0.522680 , 0.547642 , 0.438745 , 0.402917 , 0.298810 , 0.327666 , 0.109704 , 0.135384 , 0.259093 , 0.028347 , 30.000000
0.465685 , 0.499246 , 0.607117 , 0.601561 , 0.538464 , 0.538856 , 0.443096 , 0.547702 , 0.227131 , 0.092985 , 0.387420 , 0.231844 , 20.000000
0.548149 , 0.733385 , 0.770504 , 0.479567 , 0.700548 , 0.776230 , 0.707151 , 0.507522 , 0.377727 , 0.017321 , 0.740437 , 0.465184 , 30.000000
0.309612 , 0.388285 , 0.663446 , 0.776070 , 0.464516 , 0.579699 , 0.590884 , 0.638397 , 0.379180 , 0.013410 , 0.714438 , 0.076913 , 30.000000
0.376657 , 0.591649 , 0.736082 , 0.678896 , 0.649784 , 0.791877 , 0.786315 , 0.294622 , 0.201953 , 0.045127 , 0.631493 , 0.398024 , 20.000000
0.313364 , 0.557291 , 0.506966 , 0.635236 , 0.735941 , 0.824140 , 0.757753 , 0.527866 , 0.152332 , 0.092944 , 0.340383 , 0.605812 , 30.000000
0.515426 , 0.538143 , 0.599601 , 0.408854 , 0.482260 , 0.531052 , 0.485548 , 0.510166 , 0.190116 , 0.148831 , 0.268763 , 0.166114 , 30.000000
0.343535 , 0.570324 , 0.597565 , 0.794916 , 0.798048 , 0.803826 , 0.658791 , 0.499531 , 0.108481 , 0.088122 , 0.352788 , 0.490995 , 30.000000
0.445307 , 0.393737 , 0.578783 , 0.596842 , 0.421818 , 0.409891 , 0.328368 , 0.354702 , 0.108463 , 0.078388 , 0.412133 , 0.032118 , 30.000000
0.497223 , 0.632193 , 0.631798 , 0.581111 , 0.724974 , 0.693675 , 0.534110 , 0.514467 , 0.160934 , 0.181262 , 0.280205 , 0.605552 , 30.000000
0.368005 , 0.473074 , 0.530400 , 0.663074 , 0.604337 , 0.628266 , 0.537709 , 0.569478 , 0.322367 , 0.012897 , 0.691619 , 0.133086 , 30.000000
0.228787 , 0.307158 , 0.651988 , 0.861082 , 0.449607 , 0.565936 , 0.581114 , 0.467545 , 0.210340 , 0.022128 , 0.651778 , 0.067681 , 20.000000
0.229205 , 0.435968 , 0.644617 , 0.830355 , 0.625484 , 0.755442 , 0.745203 , 0.620062 , 0.080996 , 0.200799 , 0.239632 , 0.459918 , 30.000000
0.700282 , 0.765136 , 0.607162 , 0.302492 , 0.680736 , 0.623681 , 0.452676 , 0.574066 , 0.647405 , 0.044784 , 0.550498 , 0.212925 , 30.000000
0.248124 , 0.241231 , 0.516156 , 0.846014 , 0.461525 , 0.443319 , 0.348585 , 0.544082 , 0.252136 , 0.060144 , 0.457817 , 0.067356 , 30.000000
0.308619 , 0.419528 , 0.640545 , 0.875122 , 0.639348 , 0.627099 , 0.500421 , 0.666217 , 0.160128 , 0.232953 , 0.249183 , 0.224368 , 30.000000
0.341839 , 0.455823 , 0.632184 , 0.742556 , 0.549028 , 0.637109 , 0.609204 , 0.614183 , 0.365755 , 0.014978 , 0.711274 , 0.095442 , 30.000000
0.562387 , 0.569025 , 0.542209 , 0.315417 , 0.522303 , 0.515066 , 0.416548 , 0.498761 , 0.234914 , 0.150418 , 0.304932 , 0.203173 , 30.000000
0.721276 , 0.885810 , 0.642896 , 0.136496 , 0.785302 , 0.774212 , 0.618337 , 0.520797 , 0.298891 , 0.042048 , 0.467174 , 0.600871 , 30.000000
0.186201 , 0.022007 , 0.393157 , 0.704426 , 0.181999 , 0.201029 , 0.193727 , 0.621384 , 0.293839 , 0.005803 , 0.786687 , 0.018074 , 10.000000
0.317987 , 0.519104 , 0.686486 , 0.823208 , 0.684476 , 0.761739 , 0.697238 , 0.560997 , 0.170230 , 0.124762 , 0.293211 , 0.264417 , 30.000000
0.747693 , 0.987185 , 0.591682 , 0.089167 , 0.903980 , 0.889160 , 0.705811 , 0.714336 , 0.444927 , 0.008635 , 0.800218 , 0.996229 , 30.000000
0.401060 , 0.696177 , 0.441033 , 0.356622 , 0.854300 , 0.914118 , 0.800634 , 0.461937 , 0.187432 , 0.054979 , 0.414510 , 0.948963 , 30.000000
0.163424 , 0.164894 , 0.397387 , 0.687076 , 0.383342 , 0.441704 , 0.424259 , 0.501831 , 0.193742 , 0.019242 , 0.649681 , 0.023666 , 30.000000
0.383078 , 0.593488 , 0.500540 , 0.479637 , 0.762477 , 0.786175 , 0.662794 , 0.451293 , 0.056934 , 0.182923 , 0.185720 , 0.535466 , 30.000000
0.435602 , 0.685642 , 0.506007 , 0.574244 , 0.820273 , 0.853301 , 0.725445 , 0.463069 , 0.073352 , 0.165109 , 0.198791 , 0.625252 , 30.000000
0.399215 , 0.683961 , 0.245779 , 0.198069 , 0.823972 , 0.898513 , 0.803048 , 0.777745 , 0.559923 , 0.025100 , 0.646505 , 0.853196 , 20.000000
0.590935 , 0.766919 , 0.741064 , 0.404209 , 0.682120 , 0.769629 , 0.713798 , 0.518537 , 0.178191 , 0.244027 , 0.168511 , 0.456342 , 30.000000
0.614252 , 0.705248 , 0.668142 , 0.377787 , 0.619382 , 0.648077 , 0.558222 , 0.438315 , 0.208055 , 0.178327 , 0.261448 , 0.260971 , 30.000000
0.392734 , 0.462768 , 0.766426 , 0.740152 , 0.556203 , 0.580648 , 0.500439 , 0.326764 , 0.050776 , 0.076803 , 0.353814 , 0.177817 , 30.000000
0.277405 , 0.521292 , 0.342730 , 0.429691 , 0.693096 , 0.818157 , 0.790053 , 0.647941 , 0.388306 , 0.055833 , 0.455483 , 0.520447 , 20.000000
0.335925 , 0.161886 , 0.535048 , 0.527993 , 0.114159 , 0.211172 , 0.280155 , 0.490711 , 0.300773 , 0.008377 , 0.840945 , 0.035563 , 10.000000
0.316677 , 0.469962 , 0.623562 , 0.748086 , 0.636722 , 0.690950 , 0.617908 , 0.525432 , 0.157150 , 0.102859 , 0.326842 , 0.334439 , 30.000000
0.370697 , 0.181958 , 0.452164 , 0.560379 , 0.267883 , 0.195213 , 0.096946 , 0.486355 , 0.234855 , 0.015515 , 0.693422 , 0.011768 , 30.000000
0.129044 , 0.385515 , 0.375640 , 0.830297 , 0.751157 , 0.812278 , 0.721123 , 0.440265 , 0.147393 , 0.082282 , 0.401153 , 0.368962 , 30.000000
0.294756 , 0.232550 , 0.598806 , 0.783122 , 0.374787 , 0.369393 , 0.302793 , 0.593884 , 0.218242 , 0.060365 , 0.519667 , 0.074442 , 30.000000
0.245624 , 0.178071 , 0.479574 , 0.619613 , 0.261872 , 0.353407 , 0.387528 , 0.572115 , 0.267609 , 0.017032 , 0.648092 , 0.040570 , 30.000000
0.744700 , 0.716920 , 0.745016 , 0.321677 , 0.534428 , 0.494323 , 0.367053 , 0.498002 , 0.463502 , 0.153944 , 0.360350 , 0.214941 , 30.000000
0.600386 , 0.778879 , 0.731310 , 0.404709 , 0.762340 , 0.774889 , 0.642632 , 0.817498 , 0.849300 , 0.009786 , 0.813151 , 0.305442 , 30.000000
0.712646 , 0.961707 , 0.487497 , 0.080734 , 0.870866 , 0.897505 , 0.754102 , 0.544536 , 0.327048 , 0.032775 , 0.541009 , 0.998115 , 30.000000
0.382633 , 0.587479 , 0.635319 , 0.702840 , 0.764941 , 0.777892 , 0.645421 , 0.500606 , 0.085187 , 0.141334 , 0.231927 , 0.486314 , 30.000000
0.295975 , 0.604570 , 0.576772 , 0.771504 , 0.898806 , 0.916689 , 0.760527 , 0.357158 , 0.035218 , 0.085232 , 0.353076 , 0.764840 , 30.000000
0.362951 , 0.581666 , 0.667090 , 0.755537 , 0.738610 , 0.795112 , 0.702859 , 0.667472 , 0.341239 , 0.041216 , 0.531634 , 0.319355 , 20.000000
0.289370 , 0.655167 , 0.929048 , 0.843383 , 0.849887 , 1.000000 , 0.959544 , 0.075774 , 0.062095 , 0.095236 , 0.430576 , 0.955595 , 20.000000
0.263936 , 0.515610 , 0.449617 , 0.518661 , 0.675429 , 0.827427 , 0.824484 , 0.535624 , 0.186674 , 0.108586 , 0.312460 , 0.403745 , 20.000000
0.390933 , 0.466587 , 0.678765 , 0.746548 , 0.543362 , 0.588644 , 0.527726 , 0.488667 , 0.195944 , 0.019039 , 0.652962 , 0.137897 , 20.000000
0.246702 , 0.378426 , 0.692907 , 0.904411 , 0.619193 , 0.647608 , 0.557567 , 0.565764 , 0.120452 , 0.073559 , 0.448914 , 0.315974 , 30.000000
0.459974 , 0.694977 , 0.614979 , 0.668261 , 0.796671 , 0.835131 , 0.716483 , 0.594985 , 0.301079 , 0.067694 , 0.471453 , 0.423900 , 30.000000
0.187808 , 0.046134 , 0.170848 , 0.450708 , 0.338469 , 0.234520 , 0.096703 , 0.717336 , 0.399576 , 0.001833 , 0.921473 , 0.003381 , 10.000000
0.475749 , 0.754675 , 0.385696 , 0.225477 , 0.812773 , 0.902535 , 0.821538 , 0.581651 , 0.321367 , 0.041574 , 0.519902 , 0.887719 , 20.000000
0.339213 , 0.651209 , 0.616349 , 0.765488 , 0.854704 , 0.928831 , 0.826692 , 0.401836 , 0.030791 , 0.100563 , 0.315654 , 0.797412 , 30.000000
0.384851 , 0.396654 , 0.705604 , 0.706382 , 0.454437 , 0.493434 , 0.445849 , 0.637375 , 0.278573 , 0.134390 , 0.431946 , 0.135687 , 30.000000
0.455909 , 0.749204 , 0.359710 , 0.162594 , 0.785287 , 0.920468 , 0.881419 , 0.623844 , 0.398501 , 0.076526 , 0.436196 , 0.928938 , 20.000000
0.427908 , 0.717723 , 0.510002 , 0.433451 , 0.909275 , 0.910720 , 0.739269 , 0.567850 , 0.087471 , 0.292091 , 0.111413 , 0.878096 , 30.000000
0.379754 , 0.378406 , 0.623343 , 0.589005 , 0.375266 , 0.473190 , 0.489009 , 0.563937 , 0.206864 , 0.049421 , 0.491621 , 0.157857 , 20.000000
0.400667 , 0.624778 , 0.461893 , 0.576367 , 0.759537 , 0.809287 , 0.707321 , 0.508711 , 0.118666 , 0.101093 , 0.311594 , 0.658865 , 20.000000
0.503197 , 0.760405 , 0.574428 , 0.563158 , 0.927419 , 0.875015 , 0.656811 , 0.419718 , 0.097559 , 0.161728 , 0.200575 , 0.728886 , 30.000000
0.226055 , 0.091563 , 0.474547 , 0.737820 , 0.237968 , 0.251419 , 0.228109 , 0.684082 , 0.316037 , 0.012522 , 0.792358 , 0.057929 , 20.000000
0.576110 , 0.428518 , 0.615105 , 0.380705 , 0.269570 , 0.289769 , 0.265326 , 0.540941 , 0.165256 , 0.150246 , 0.356933 , 0.203693 , 30.000000
0.579338 , 0.658555 , 0.560753 , 0.297545 , 0.746698 , 0.624945 , 0.388652 , 0.433631 , 0.148747 , 0.152926 , 0.209276 , 0.161368 , 20.000000
0.369038 , 0.600823 , 0.727914 , 0.707574 , 0.698074 , 0.815399 , 0.780089 , 0.606066 , 0.022519 , 0.354726 , 0.068544 , 0.558026 , 20.000000
0.515222 , 0.571670 , 0.682874 , 0.499609 , 0.540502 , 0.580787 , 0.516468 , 0.457384 , 0.104828 , 0.159109 , 0.269622 , 0.285677 , 20.000000
0.550036 , 0.788134 , 0.703293 , 0.470949 , 0.775869 , 0.854536 , 0.772295 , 0.920489 , 1.000000 , 0.004120 , 0.922351 , 0.452051 , 30.000000
0.435036 , 0.749172 , 0.833642 , 0.767251 , 0.914316 , 0.947778 , 0.800858 , 0.584223 , 0.059092 , 0.374543 , 0.078247 , 0.931474 , 30.000000
0.240455 , 0.366600 , 0.802589 , 0.982367 , 0.649093 , 0.638346 , 0.510857 , 0.561814 , 0.217641 , 0.044668 , 0.534067 , 0.332943 , 30.000000
0.373998 , 0.567101 , 0.582265 , 0.747572 , 0.792787 , 0.759143 , 0.583710 , 0.384777 , 0.115086 , 0.078977 , 0.351298 , 0.318575 , 20.000000
0.339291 , 0.447153 , 0.720391 , 0.771164 , 0.556377 , 0.627656 , 0.584816 , 0.710075 , 0.340971 , 0.041712 , 0.549082 , 0.377414 , 30.000000
0.375307 , 0.615256 , 0.642662 , 0.779724 , 0.798038 , 0.828479 , 0.703144 , 0.686184 , 0.475131 , 0.010770 , 0.753371 , 0.331578 , 30.000000
0.387208 , 0.458073 , 0.384443 , 0.471031 , 0.600866 , 0.580965 , 0.456118 , 0.585053 , 0.323148 , 0.062156 , 0.387845 , 0.192250 , 30.000000
0.626720 , 0.587031 , 0.655946 , 0.384061 , 0.455083 , 0.457313 , 0.380231 , 0.579993 , 0.392475 , 0.017324 , 0.707709 , 0.131916 , 30.000000
0.452446 , 0.331466 , 0.669298 , 0.519680 , 0.223014 , 0.308657 , 0.346091 , 0.331946 , 0.213698 , 0.044229 , 0.596517 , 0.102789 , 30.000000
0.647552 , 0.392490 , 0.647340 , 0.325735 , 0.091944 , 0.142974 , 0.179818 , 0.467992 , 0.186777 , 0.011003 , 0.718186 , 0.039464 , 10.000000
0.383279 , 0.361728 , 0.680106 , 0.661899 , 0.414050 , 0.443964 , 0.397461 , 0.619954 , 0.332464 , 0.003249 , 0.869216 , 0.105975 , 10.000000
0.272207 , 0.425019 , 0.661305 , 0.886622 , 0.615150 , 0.682925 , 0.625155 , 0.652374 , 0.385908 , 0.019247 , 0.704291 , 0.120343 , 20.000000
0.792437 , 1.000000 , 0.751605 , 0.127332 , 0.781440 , 0.849423 , 0.757499 , 0.679552 , 0.413873 , 0.022658 , 0.617579 , 0.976399 , 30.000000
0.318332 , 0.150060 , 0.385977 , 0.640782 , 0.311246 , 0.216783 , 0.092160 , 0.505080 , 0.254604 , 0.009857 , 0.730412 , 0.000650 , 10.000000
0.767316 , 0.719796 , 0.704568 , 0.204132 , 0.467376 , 0.468923 , 0.388759 , 0.451333 , 0.206192 , 0.451927 , 0.171766 , 0.218906 , 30.000000
0.502900 , 0.261240 , 0.697971 , 0.554113 , 0.127931 , 0.138913 , 0.136342 , 0.558056 , 0.264611 , 0.006206 , 0.829080 , 0.055198 , 10.000000
0.320683 , 0.521528 , 0.525797 , 0.744044 , 0.692467 , 0.761781 , 0.689283 , 0.337485 , 0.098122 , 0.063837 , 0.377670 , 0.310058 , 30.000000
0.251986 , 0.285421 , 0.470252 , 0.599162 , 0.405899 , 0.503459 , 0.512666 , 0.452771 , 0.168238 , 0.038367 , 0.455879 , 0.038099 , 30.000000
0.265139 , 0.555331 , 0.612819 , 0.723092 , 0.787240 , 0.884456 , 0.814682 , 0.330534 , 0.032728 , 0.080125 , 0.373924 , 0.570379 , 30.000000
0.773960 , 0.506088 , 0.717723 , 0.204116 , 0.133776 , 0.144901 , 0.141239 , 0.489737 , 0.264847 , 0.025674 , 0.593079 , 0.052792 , 30.000000
0.297719 , 0.480990 , 0.407241 , 0.719619 , 0.748837 , 0.732068 , 0.579183 , 0.569579 , 0.183746 , 0.161708 , 0.299365 , 0.440283 , 30.000000
0.609322 , 0.845705 , 0.515008 , 0.311554 , 0.842049 , 0.861773 , 0.718797 , 0.499000 , 0.159718 , 0.327232 , 0.105755 , 0.833886 , 30.000000
0.566337 , 0.450426 , 0.668342 , 0.378592 , 0.304080 , 0.334902 , 0.311822 , 0.389632 , 0.165629 , 0.058586 , 0.455932 , 0.049737 , 30.000000
0.465318 , 0.624127 , 0.590297 , 0.342527 , 0.647027 , 0.723591 , 0.666262 , 0.467443 , 0.150898 , 0.144124 , 0.241054 , 0.448605 , 20.000000
0.319660 , 0.631180 , 0.435441 , 0.451756 , 0.752659 , 0.924907 , 0.922197 , 0.439627 , 0.194674 , 0.050290 , 0.480598 , 0.788960 , 20.000000
0.450222 , 0.384052 , 0.569885 , 0.588201 , 0.415856 , 0.389160 , 0.297070 , 0.433319 , 0.175157 , 0.023792 , 0.627274 , 0.136922 , 30.000000
0.387098 , 0.472517 , 0.621887 , 0.632148 , 0.559599 , 0.602420 , 0.536185 , 0.426502 , 0.150117 , 0.123618 , 0.291965 , 0.156947 , 30.000000
0.258107 , 0.594439 , 0.546889 , 0.715949 , 0.769171 , 0.951375 , 0.953208 , 0.710048 , 0.462304 , 0.012102 , 0.730082 , 0.611144 , 30.000000
0.348916 , 0.287091 , 0.666567 , 0.681950 , 0.308974 , 0.378879 , 0.386003 , 0.404405 , 0.249917 , 0.028626 , 0.664733 , 0.097848 , 30.000000
0.627531 , 0.886368 , 0.854980 , 0.526094 , 0.946014 , 0.897904 , 0.679292 , 0.385265 , 0.183248 , 0.023875 , 0.616890 , 0.980755 , 30.000000
0.497831 , 0.679870 , 0.666754 , 0.624282 , 0.823465 , 0.763223 , 0.560214 , 0.461354 , 0.154845 , 0.119700 , 0.317774 , 0.487029 , 30.000000
0.348273 , 0.380721 , 0.502830 , 0.717676 , 0.547003 , 0.517867 , 0.396763 , 0.495165 , 0.287512 , 0.010642 , 0.745976 , 0.049672 , 30.000000
0.271179 , 0.434956 , 0.458581 , 0.660685 , 0.610450 , 0.698933 , 0.658673 , 0.470896 , 0.176486 , 0.070109 , 0.347707 , 0.206228 , 30.000000
0.390676 , 0.383624 , 0.729293 , 0.795338 , 0.503462 , 0.466573 , 0.348263 , 0.577345 , 0.265009 , 0.075252 , 0.525154 , 0.126650 , 20.000000
0.350216 , 0.436456 , 0.632164 , 0.788021 , 0.667766 , 0.597555 , 0.418720 , 0.479329 , 0.199169 , 0.073321 , 0.403912 , 0.184578 , 30.000000
0.718067 , 0.915124 , 0.506535 , 0.124171 , 0.782928 , 0.821670 , 0.706084 , 0.429524 , 0.148209 , 0.268125 , 0.123422 , 0.932449 , 30.000000
0.444514 , 0.645000 , 0.509795 , 0.491592 , 0.732321 , 0.781655 , 0.684974 , 0.458533 , 0.089991 , 0.113882 , 0.292229 , 0.641116 , 30.000000
0.377818 , 0.575529 , 0.544612 , 0.708724 , 0.697577 , 0.766571 , 0.692763 , 0.555687 , 0.142908 , 0.254100 , 0.182431 , 0.441779 , 20.000000
0.456102 , 0.733393 , 0.703626 , 0.552300 , 0.816988 , 0.896886 , 0.807142 , 0.657440 , 0.291728 , 0.034085 , 0.604194 , 0.659450 , 20.000000
0.428622 , 0.714474 , 0.432051 , 0.446997 , 0.838906 , 0.904990 , 0.799688 , 0.496230 , 0.177976 , 0.096416 , 0.271421 , 0.756973 , 20.000000
0.328173 , 0.636042 , 0.584832 , 0.625841 , 0.727660 , 0.920924 , 0.940158 , 0.402791 , 0.289110 , 0.045642 , 0.596619 , 0.646642 , 30.000000
0.631647 , 0.886405 , 0.719197 , 0.271167 , 0.834272 , 0.892565 , 0.781998 , 0.546593 , 0.228092 , 0.066266 , 0.412082 , 0.792991 , 30.000000
0.544915 , 0.851005 , 0.751345 , 0.431151 , 0.877326 , 0.954011 , 0.849246 , 0.293675 , 0.066121 , 0.056822 , 0.421596 , 0.971653 , 20.000000
0.362549 , 0.618874 , 0.525835 , 0.551560 , 0.781849 , 0.850538 , 0.759092 , 0.511847 , 0.159736 , 0.093108 , 0.279637 , 0.501203 , 20.000000
0.443153 , 0.716045 , 0.308337 , 0.274817 , 0.867730 , 0.888261 , 0.740629 , 0.541921 , 0.270048 , 0.032692 , 0.535722 , 0.768871 , 30.000000
0.359928 , 0.559689 , 0.660093 , 0.827157 , 0.767925 , 0.766649 , 0.622197 , 0.555747 , 0.318050 , 0.015581 , 0.675468 , 0.254795 , 30.000000
0.313630 , 0.625873 , 0.336525 , 0.508169 , 0.940599 , 0.924981 , 0.733437 , 0.426980 , 0.153916 , 0.109291 , 0.337241 , 0.888239 , 30.000000
0.305248 , 0.582540 , 0.563555 , 0.624276 , 0.690978 , 0.872032 , 0.889085 , 0.532672 , 0.281274 , 0.057982 , 0.376548 , 0.641571 , 20.000000
0.400793 , 0.628983 , 0.592819 , 0.536694 , 0.702432 , 0.815327 , 0.775579 , 0.690343 , 0.525879 , 0.060863 , 0.482172 , 0.272869 , 30.000000
0.726248 , 0.927616 , 0.604602 , 0.220782 , 0.804312 , 0.829377 , 0.698455 , 0.459844 , 0.077327 , 0.425076 , 0.052599 , 0.935505 , 30.000000
0.827070 , 0.948210 , 0.792871 , 0.167597 , 0.684457 , 0.727618 , 0.635886 , 0.486912 , 0.186958 , 0.234028 , 0.156456 , 0.587478 , 30.000000
0.602850 , 0.812940 , 0.463526 , 0.255520 , 0.789180 , 0.821914 , 0.700239 , 0.414636 , 0.148358 , 0.282593 , 0.123709 , 0.685716 , 30.000000
0.700964 , 0.945466 , 0.588235 , 0.243530 , 0.934366 , 0.888854 , 0.674722 , 0.378165 , 0.172941 , 0.029234 , 0.555203 , 0.998960 , 30.000000
0.393813 , 0.559945 , 0.467689 , 0.557747 , 0.663278 , 0.722614 , 0.648171 , 0.534437 , 0.138025 , 0.139335 , 0.282256 , 0.577336 , 30.000000
0.681557 , 0.881998 , 0.609636 , 0.136254 , 0.769918 , 0.820647 , 0.717321 , 0.607882 , 0.341690 , 0.029504 , 0.573634 , 0.768871 , 30.000000
0.736465 , 0.932777 , 0.612923 , 0.155250 , 0.795254 , 0.823602 , 0.697170 , 0.433493 , 0.140478 , 0.513600 , 0.060675 , 0.863468 , 30.000000
0.630610 , 0.875010 , 0.669163 , 0.232117 , 0.814625 , 0.877112 , 0.773949 , 0.524460 , 0.164749 , 0.357038 , 0.093570 , 0.964242 , 30.000000
0.230882 , 0.150198 , 0.511960 , 0.861536 , 0.359479 , 0.331605 , 0.250210 , 0.585363 , 0.269586 , 0.017903 , 0.697154 , 0.028282 , 30.000000
0.673276 , 0.872019 , 0.493819 , 0.153256 , 0.817907 , 0.816777 , 0.662127 , 0.514687 , 0.262288 , 0.043697 , 0.495590 , 0.561602 , 20.000000
0.509827 , 0.802746 , 0.624142 , 0.360110 , 0.843261 , 0.928798 , 0.838134 , 0.620861 , 0.276740 , 0.057636 , 0.430475 , 0.968923 , 30.000000
0.434853 , 0.374957 , 0.645914 , 0.665223 , 0.395223 , 0.395884 , 0.329903 , 0.644844 , 0.397255 , 0.005038 , 0.866142 , 0.068266 , 30.000000
0.492478 , 0.710647 , 0.683020 , 0.473602 , 0.716033 , 0.815648 , 0.762488 , 0.373231 , 0.108976 , 0.100786 , 0.309757 , 0.537416 , 20.000000
0.320290 , 0.299038 , 0.639442 , 0.796132 , 0.368306 , 0.434025 , 0.425560 , 0.666223 , 0.422355 , 0.007678 , 0.837917 , 0.021000 , 30.000000
0.257871 , 0.293639 , 0.466393 , 0.843001 , 0.590709 , 0.507870 , 0.334853 , 0.554614 , 0.226946 , 0.034007 , 0.528660 , 0.105390 , 30.000000
0.361315 , 0.355250 , 0.604584 , 0.743874 , 0.506257 , 0.463193 , 0.339374 , 0.605460 , 0.146837 , 0.211291 , 0.277416 , 0.209414 , 20.000000
0.541340 , 0.801373 , 0.655923 , 0.334372 , 0.796269 , 0.885468 , 0.807427 , 0.563818 , 0.161171 , 0.275163 , 0.125083 , 0.961966 , 30.000000
0.472687 , 0.394757 , 0.669965 , 0.704521 , 0.351731 , 0.375509 , 0.336967 , 0.481335 , 0.176208 , 0.126796 , 0.415930 , 0.059424 , 30.000000
0.327203 , 0.537183 , 0.719465 , 0.837894 , 0.697559 , 0.776334 , 0.710340 , 0.545769 , 0.182207 , 0.111622 , 0.317215 , 0.280931 , 30.000000
0.097376 , 0.409423 , 0.244374 , 0.765786 , 0.770150 , 0.889059 , 0.840138 , 0.451757 , 0.115811 , 0.179937 , 0.200580 , 0.450556 , 30.000000
0.277367 , 0.318739 , 0.391405 , 0.548773 , 0.447947 , 0.519351 , 0.498990 , 0.605970 , 0.260649 , 0.031295 , 0.586368 , 0.087641 , 30.000000
0.385854 , 0.543304 , 0.758268 , 0.802323 , 0.640243 , 0.708493 , 0.645924 , 0.597205 , 0.392795 , 0.025046 , 0.639706 , 0.274755 , 20.000000
0.463133 , 0.658820 , 0.687464 , 0.713144 , 0.856977 , 0.777643 , 0.552469 , 0.333465 , 0.079430 , 0.106945 , 0.290898 , 0.463429 , 20.000000
0.276176 , 0.635346 , 0.667244 , 0.746468 , 0.828544 , 0.988047 , 0.959496 , 0.489044 , 0.121168 , 0.062399 , 0.534267 , 0.923932 , 30.000000
0.376925 , 0.423268 , 0.531229 , 0.698414 , 0.613253 , 0.543089 , 0.375541 , 0.483208 , 0.167317 , 0.078032 , 0.357247 , 0.152656 , 30.000000
0.323717 , 0.336377 , 0.578991 , 0.817339 , 0.516266 , 0.484625 , 0.367863 , 0.421427 , 0.221748 , 0.017674 , 0.660299 , 0.076588 , 30.000000
0.282692 , 0.396021 , 0.682895 , 0.883752 , 0.601901 , 0.626396 , 0.536795 , 0.456398 , 0.211845 , 0.015304 , 0.664852 , 0.163839 , 30.000000
0.253614 , 0.403918 , 0.431725 , 0.699648 , 0.675029 , 0.676159 , 0.552803 , 0.680334 , 0.218715 , 0.146713 , 0.262757 , 0.396983 , 30.000000
0.285581 , 0.368718 , 0.499397 , 0.532295 , 0.409591 , 0.582326 , 0.650812 , 0.141643 , 0.114061 , 0.123051 , 0.382763 , 0.111371 , 20.000000
0.516370 , 0.773472 , 0.544274 , 0.323815 , 0.754818 , 0.877028 , 0.833909 , 0.547019 , 0.312906 , 0.037474 , 0.535097 , 0.799558 , 20.000000
0.336710 , 0.193214 , 0.677163 , 0.704170 , 0.187250 , 0.256367 , 0.287985 , 0.407206 , 0.244520 , 0.023014 , 0.793572 , 0.032183 , 30.000000
0.381460 , 0.433466 , 0.711989 , 0.824160 , 0.534351 , 0.552193 , 0.471220 , 0.573220 , 0.356750 , 0.008389 , 0.769001 , 0.090176 , 30.000000
0.720108 , 0.833537 , 0.790656 , 0.278753 , 0.692134 , 0.698618 , 0.576007 , 0.340201 , 0.122129 , 0.067172 , 0.376169 , 0.103049 , 30.000000
0.368891 , 0.658173 , 0.618419 , 0.605632 , 0.722192 , 0.900209 , 0.908395 , 0.388396 , 0.074938 , 0.070813 , 0.338647 , 0.732722 , 20.000000
0.498457 , 0.779849 , 0.451152 , 0.364027 , 0.943365 , 0.909917 , 0.703561 , 0.522866 , 0.234550 , 0.018025 , 0.696869 , 0.944997 , 30.000000
0.381728 , 0.430407 , 0.635920 , 0.755824 , 0.580596 , 0.547327 , 0.415987 , 0.466130 , 0.219249 , 0.053990 , 0.482094 , 0.161498 , 30.000000
0.515130 , 0.391351 , 0.523269 , 0.345875 , 0.284142 , 0.314855 , 0.295803 , 0.493376 , 0.217845 , 0.033023 , 0.521592 , 0.103634 , 20.000000
0.382101 , 0.401923 , 0.604246 , 0.645405 , 0.485077 , 0.504813 , 0.435522 , 0.584807 , 0.117571 , 0.179957 , 0.234583 , 0.188739 , 20.000000
0.447904 , 0.579312 , 0.738317 , 0.577633 , 0.570964 , 0.680293 , 0.664832 , 0.429826 , 0.069180 , 0.065268 , 0.401288 , 0.509200 , 20.000000
0.175156 , 0.119832 , 0.316913 , 0.655414 , 0.377570 , 0.359841 , 0.282815 , 0.664950 , 0.394443 , 0.001357 , 0.940527 , 0.007607 , 10.000000
0.327079 , 0.484797 , 0.653266 , 0.860796 , 0.775134 , 0.699204 , 0.493641 , 0.542565 , 0.116996 , 0.252279 , 0.209693 , 0.420844 , 30.000000
0.413670 , 0.456058 , 0.696514 , 0.617974 , 0.451434 , 0.543309 , 0.538578 , 0.439072 , 0.346986 , 0.033354 , 0.658090 , 0.100709 , 30.000000
0.316620 , 0.412026 , 0.521964 , 0.729797 , 0.622547 , 0.605542 , 0.478533 , 0.579204 , 0.113905 , 0.270807 , 0.229130 , 0.362330 , 30.000000
0.485944 , 0.727355 , 0.599152 , 0.637512 , 0.850683 , 0.848864 , 0.686900 , 0.634824 , 0.476384 , 0.011648 , 0.769542 , 0.420519 , 30.000000
0.321430 , 0.169351 , 0.389126 , 0.627020 , 0.296775 , 0.241185 , 0.150596 , 0.501057 , 0.208820 , 0.016676 , 0.638400 , 0.004161 , 30.000000
0.315090 , 0.161813 , 0.352878 , 0.570813 , 0.295556 , 0.238373 , 0.146764 , 0.512952 , 0.237486 , 0.018914 , 0.657727 , 0.001430 , 30.000000
0.418223 , 0.266232 , 0.618229 , 0.500450 , 0.177763 , 0.257263 , 0.299132 , 0.389926 , 0.255334 , 0.039258 , 0.610465 , 0.087381 , 30.000000
0.298715 , 0.125250 , 0.465877 , 0.724532 , 0.239939 , 0.205889 , 0.144234 , 0.520519 , 0.266453 , 0.006247 , 0.778989 , 0.010532 , 10.000000
0.529806 , 0.773368 , 0.650707 , 0.509439 , 0.813855 , 0.859264 , 0.742621 , 0.768633 , 0.578556 , 0.008399 , 0.798349 , 0.412327 , 30.000000
0.382134 , 0.148592 , 0.401186 , 0.524182 , 0.243942 , 0.130992 , 0.005496 , 0.517131 , 0.251121 , 0.008922 , 0.768502 , 0.004551 , 10.000000
0.586172 , 0.883751 , 0.399321 , 0.186856 , 0.871146 , 0.948252 , 0.845099 , 0.589404 , 0.342145 , 0.016634 , 0.674762 , 0.977375 , 30.000000
0.637960 , 0.346765 , 0.662423 , 0.342286 , 0.077157 , 0.088082 , 0.095945 , 0.385541 , 0.136431 , 0.040598 , 0.504537 , 0.030362 , 30.000000
0.132890 , 0.151655 , 0.363247 , 0.805189 , 0.444445 , 0.462190 , 0.399696 , 0.597755 , 0.215852 , 0.070062 , 0.353229 , 0.042065 , 30.000000
0.433042 , 0.624860 , 0.580948 , 0.643082 , 0.717716 , 0.766977 , 0.673252 , 0.547473 , 0.347549 , 0.019812 , 0.637335 , 0.313894 , 30.000000
0.686589 , 0.805991 , 0.623514 , 0.240449 , 0.733720 , 0.701907 , 0.540127 , 0.661489 , 0.445993 , 0.025951 , 0.662156 , 0.383460 , 30.000000
0.453373 , 0.597025 , 0.710376 , 0.634462 , 0.697512 , 0.699260 , 0.571756 , 0.432551 , 0.088403 , 0.241571 , 0.166877 , 0.414797 , 20.000000
0.351797 , 0.564331 , 0.618550 , 0.737676 , 0.738320 , 0.784156 , 0.683442 , 0.540833 , 0.148872 , 0.173280 , 0.209961 , 0.394968 , 30.000000
0.633474 , 0.531944 , 0.685130 , 0.446398 , 0.379159 , 0.367182 , 0.294424 , 0.709817 , 0.478843 , 0.255354 , 0.488613 , 0.201547 , 30.000000
0.300618 , 0.378674 , 0.485415 , 0.770852 , 0.601621 , 0.577307 , 0.448781 , 0.453220 , 0.137634 , 0.042524 , 0.474395 , 0.108511 , 30.000000
0.302692 , 0.532824 , 0.501610 , 0.696445 , 0.769143 , 0.802029 , 0.684611 , 0.513765 , 0.118956 , 0.165762 , 0.306501 , 0.618620 , 30.000000
0.409730 , 0.741203 , 0.442381 , 0.290032 , 0.834975 , 0.969188 , 0.919109 , 0.672627 , 0.457343 , 0.022489 , 0.635851 , 0.989988 , 30.000000
0.347137 , 0.525527 , 0.689111 , 0.727696 , 0.654185 , 0.733010 , 0.676009 , 0.517049 , 0.112439 , 0.098126 , 0.349221 , 0.453677 , 20.000000
0.443873 , 0.740929 , 0.695738 , 0.580519 , 0.819593 , 0.924033 , 0.853352 , 0.514890 , 0.061222 , 0.187443 , 0.186774 , 0.685716 , 30.000000
0.324044 , 0.364670 , 0.635844 , 0.799026 , 0.507345 , 0.525942 , 0.451145 , 0.650151 , 0.347185 , 0.028792 , 0.606099 , 0.131786 , 30.000000
0.424225 , 0.677990 , 0.347943 , 0.383616 , 0.843468 , 0.856922 , 0.708644 , 0.494982 , 0.212140 , 0.059732 , 0.430005 , 0.563162 , 20.000000
0.376985 , 0.556654 , 0.500683 , 0.651075 , 0.770998 , 0.739814 , 0.570842 , 0.419483 , 0.178763 , 0.058841 , 0.414625 , 0.239776 , 20.000000
0.369725 , 0.623196 , 0.400315 , 0.329382 , 0.786767 , 0.847510 , 0.748704 , 0.549520 , 0.282170 , 0.067847 , 0.399841 , 0.474416 , 20.000000
0.479374 , 0.783229 , 0.475607 , 0.437350 , 0.975512 , 0.939914 , 0.725206 , 0.360806 , 0.121786 , 0.019321 , 0.647357 , 0.976009 , 30.000000
0.401996 , 0.492722 , 0.738937 , 0.773686 , 0.622728 , 0.612705 , 0.491236 , 0.602696 , 0.293758 , 0.093157 , 0.380105 , 0.266628 , 20.000000
0.578811 , 0.846501 , 0.601503 , 0.269783 , 0.744902 , 0.902939 , 0.890480 , 0.576265 , 0.278554 , 0.029202 , 0.588250 , 0.965152 , 20.000000
0.454652 , 0.533248 , 0.672326 , 0.645985 , 0.632906 , 0.603484 , 0.464420 , 0.446033 , 0.210412 , 0.053531 , 0.454125 , 0.166959 , 30.000000
0.331918 , 0.571718 , 0.616669 , 0.593195 , 0.708681 , 0.821109 , 0.779698 , 0.448076 , 0.054809 , 0.160965 , 0.259966 , 0.621091 , 30.000000
0.344966 , 0.366668 , 0.548181 , 0.740384 , 0.595787 , 0.501467 , 0.318232 , 0.402120 , 0.092983 , 0.089226 , 0.370242 , 0.113062 , 20.000000
0.362387 , 0.505606 , 0.754054 , 0.788064 , 0.621583 , 0.683630 , 0.619957 , 0.585030 , 0.243494 , 0.054665 , 0.570486 , 0.299395 , 20.000000
0.182623 , 0.287442 , 0.559540 , 0.857230 , 0.497232 , 0.597352 , 0.589753 , 0.607729 , 0.294629 , 0.008318 , 0.775382 , 0.114752 , 30.000000
0.564596 , 0.536766 , 0.701946 , 0.475711 , 0.511852 , 0.464574 , 0.336235 , 0.554793 , 0.312239 , 0.012772 , 0.723497 , 0.135232 , 30.000000
0.677436 , 0.722292 , 0.696956 , 0.332701 , 0.648156 , 0.590410 , 0.425578 , 0.664703 , 0.735281 , 0.023490 , 0.656798 , 0.200052 , 30.000000
0.286685 , 0.557485 , 0.489629 , 0.664584 , 0.760079 , 0.859394 , 0.796903 , 0.439280 , 0.097976 , 0.049684 , 0.402241 , 0.627527 , 30.000000
0.646261 , 0.751554 , 0.498145 , 0.218620 , 0.765177 , 0.674446 , 0.459116 , 0.306230 , 0.132746 , 0.103914 , 0.289429 , 0.123659 , 20.000000
0.262708 , 0.220835 , 0.464821 , 0.776685 , 0.466504 , 0.394112 , 0.255073 , 0.560940 , 0.178613 , 0.079028 , 0.529332 , 0.088031 , 30.000000
0.303149 , 0.569860 , 0.511533 , 0.512955 , 0.671000 , 0.856074 , 0.880462 , 0.307164 , 0.169595 , 0.174514 , 0.324193 , 0.553475 , 20.000000
0.385164 , 0.569708 , 0.611480 , 0.634075 , 0.703452 , 0.748355 , 0.654094 , 0.574040 , 0.304447 , 0.022268 , 0.618846 , 0.269748 , 20.000000
0.295900 , 0.550791 , 0.597103 , 0.706074 , 0.682783 , 0.837440 , 0.835102 , 0.625807 , 0.624313 , 0.036134 , 0.712884 , 0.316364 , 20.000000
0.420800 , 0.716012 , 0.360342 , 0.265212 , 0.824419 , 0.917511 , 0.836770 , 0.501785 , 0.215798 , 0.084557 , 0.357320 , 0.943697 , 30.000000
0.395625 , 0.225207 , 0.693074 , 0.775056 , 0.259876 , 0.226353 , 0.161005 , 0.570292 , 0.377478 , 0.008468 , 0.811726 , 0.013848 , 10.000000
0.497329 , 0.455150 , 0.631074 , 0.467412 , 0.353349 , 0.432320 , 0.437526 , 0.528392 , 0.227039 , 0.012077 , 0.719499 , 0.087446 , 30.000000
0.204480 , 0.526883 , 0.362620 , 0.490352 , 0.755879 , 0.921987 , 0.913708 , 0.426113 , 0.287346 , 0.138363 , 0.358815 , 0.824849 , 30.000000
0.266791 , 0.507728 , 0.508126 , 0.822314 , 0.784628 , 0.812056 , 0.687083 , 0.510162 , 0.107486 , 0.090892 , 0.372833 , 0.577726 , 30.000000
0.381800 , 0.540431 , 0.732388 , 0.788294 , 0.665390 , 0.709567 , 0.622581 , 0.550237 , 0.288576 , 0.043849 , 0.508904 , 0.388141 , 30.000000
0.162311 , 0.022119 , 0.230980 , 0.646928 , 0.330718 , 0.232506 , 0.100870 , 0.583603 , 0.307178 , 0.005658 , 0.795613 , 0.000000 , 10.000000
0.361125 , 0.136784 , 0.528475 , 0.638218 , 0.200222 , 0.141106 , 0.067630 , 0.523127 , 0.259429 , 0.010622 , 0.787968 , 0.016124 , 10.000000
0.291953 , 0.330268 , 0.586775 , 0.823246 , 0.507914 , 0.517243 , 0.434927 , 0.559881 , 0.296751 , 0.007928 , 0.802608 , 0.079189 , 30.000000
0.179394 , 0.512796 , 0.539824 , 0.849818 , 0.837588 , 0.934081 , 0.853339 , 0.374400 , 0.034346 , 0.074656 , 0.325907 , 0.670633 , 20.000000
0.365184 , 0.372775 , 0.638462 , 0.826542 , 0.534601 , 0.483979 , 0.348273 , 0.537909 , 0.316528 , 0.036561 , 0.572399 , 0.112932 , 30.000000
0.291322 , 0.226330 , 0.561357 , 0.685007 , 0.292228 , 0.364716 , 0.377359 , 0.542973 , 0.267646 , 0.020641 , 0.645041 , 0.054613 , 30.000000
0.377346 , 0.325684 , 0.554041 , 0.704970 , 0.425879 , 0.398558 , 0.303902 , 0.480039 , 0.198188 , 0.058032 , 0.441235 , 0.063520 , 30.000000
0.312638 , 0.139768 , 0.421592 , 0.685049 , 0.291776 , 0.209060 , 0.097838 , 0.498696 , 0.250760 , 0.008080 , 0.761628 , 0.001105 , 10.000000
0.532997 , 0.686014 , 0.729193 , 0.647095 , 0.774409 , 0.726197 , 0.542921 , 0.551610 , 0.202980 , 0.208565 , 0.245752 , 0.424420 , 30.000000
0.513891 , 0.665244 , 0.679834 , 0.581822 , 0.696851 , 0.720594 , 0.610794 , 0.465226 , 0.112740 , 0.302316 , 0.168283 , 0.476887 , 30.000000
0.328379 , 0.553710 , 0.637542 , 0.724101 , 0.773987 , 0.799178 , 0.674614 , 0.587538 , 0.062366 , 0.236064 , 0.164711 , 0.562252 , 30.000000
0.205749 , 0.249316 , 0.422871 , 0.608679 , 0.394420 , 0.510789 , 0.537387 , 0.534916 , 0.234989 , 0.030279 , 0.524865 , 0.031337 , 30.000000
0.462856 , 0.639477 , 0.673538 , 0.684098 , 0.721918 , 0.749466 , 0.637531 , 0.571490 , 0.201847 , 0.151191 , 0.294934 , 0.375073 , 20.000000
0.105617 , 0.113446 , 0.124997 , 0.548628 , 0.418286 , 0.441562 , 0.388883 , 0.593317 , 0.301733 , 0.024167 , 0.632442 , 0.007737 , 30.000000
0.430684 , 0.699670 , 0.579496 , 0.433747 , 0.764835 , 0.880445 , 0.829987 , 0.614393 , 0.106847 , 0.521712 , 0.032425 , 0.753527 , 30.000000
0.319815 , 0.361999 , 0.518131 , 0.789849 , 0.581016 , 0.527542 , 0.379979 , 0.486793 , 0.260042 , 0.022413 , 0.639327 , 0.027697 , 30.000000
0.599773 , 0.507067 , 0.651210 , 0.387563 , 0.394731 , 0.374649 , 0.292204 , 0.588279 , 0.397566 , 0.014946 , 0.717241 , 0.109291 , 30.000000
0.465055 , 0.645435 , 0.673388 , 0.492808 , 0.727124 , 0.755376 , 0.642930 , 0.449416 , 0.113269 , 0.096411 , 0.308958 , 0.402770 , 20.000000
0.210127 , 0.248356 , 0.445205 , 0.845375 , 0.483965 , 0.503635 , 0.434520 , 0.561101 , 0.286333 , 0.030805 , 0.601182 , 0.091802 , 30.000000
0.610367 , 0.633516 , 0.627858 , 0.465791 , 0.627660 , 0.547331 , 0.368692 , 0.461828 , 0.262245 , 0.058750 , 0.453449 , 0.165334 , 30.000000
0.567420 , 0.804630 , 0.708484 , 0.367352 , 0.734096 , 0.856091 , 0.817076 , 0.364459 , 0.113698 , 0.123611 , 0.302694 , 0.771016 , 30.000000
0.477158 , 0.659380 , 0.878543 , 0.660547 , 0.705291 , 0.760087 , 0.673346 , 0.621032 , 0.165767 , 0.256737 , 0.224715 , 0.415058 , 20.000000
0.393793 , 0.273855 , 0.635014 , 0.643146 , 0.289471 , 0.300530 , 0.264681 , 0.535409 , 0.282038 , 0.011187 , 0.746926 , 0.025616 , 30.000000
0.342014 , 0.421178 , 0.561711 , 0.782398 , 0.595130 , 0.585764 , 0.470516 , 0.478773 , 0.106877 , 0.297887 , 0.221729 , 0.209544 , 30.000000
0.435699 , 0.531344 , 0.475251 , 0.529892 , 0.670935 , 0.625515 , 0.465825 , 0.551829 , 0.123736 , 0.176659 , 0.287232 , 0.360380 , 20.000000
0.418410 , 0.604717 , 0.660404 , 0.659375 , 0.747085 , 0.756433 , 0.624769 , 0.292641 , 0.030743 , 0.071647 , 0.380692 , 0.427475 , 30.000000
0.373726 , 0.273578 , 0.526859 , 0.724345 , 0.404395 , 0.326423 , 0.195748 , 0.580259 , 0.329399 , 0.018803 , 0.673886 , 0.069696 , 30.000000
0.357755 , 0.425930 , 0.383021 , 0.573528 , 0.579153 , 0.572143 , 0.462074 , 0.607816 , 0.358254 , 0.044936 , 0.470615 , 0.132956 , 30.000000
0.347499 , 0.622403 , 0.466610 , 0.535860 , 0.836664 , 0.875470 , 0.748844 , 0.545699 , 0.207322 , 0.077586 , 0.418666 , 0.523958 , 30.000000
0.461311 , 0.555875 , 0.465784 , 0.525700 , 0.657263 , 0.628140 , 0.484289 , 0.590967 , 0.279948 , 0.115052 , 0.306883 , 0.192380 , 30.000000
0.380983 , 0.245147 , 0.594695 , 0.682474 , 0.332993 , 0.274963 , 0.174951 , 0.456946 , 0.184314 , 0.022133 , 0.628529 , 0.040309 , 30.000000
0.319133 , 0.541538 , 0.367996 , 0.557651 , 0.770181 , 0.793337 , 0.667933 , 0.604855 , 0.260678 , 0.030608 , 0.558465 , 0.527924 , 20.000000
0.474815 , 0.294738 , 0.630485 , 0.433896 , 0.109031 , 0.225148 , 0.310448 , 0.527392 , 0.173844 , 0.038789 , 0.513145 , 0.053768 , 30.000000
0.439495 , 0.487727 , 0.634544 , 0.539365 , 0.497589 , 0.556186 , 0.515351 , 0.528742 , 0.233099 , 0.055347 , 0.440516 , 0.208569 , 20.000000
0.197897 , 0.457746 , 0.487636 , 0.873674 , 0.784176 , 0.828608 , 0.717310 , 0.600799 , 0.140161 , 0.246532 , 0.239953 , 0.437033 , 30.000000
0.399119 , 0.479397 , 0.499999 , 0.619453 , 0.571402 , 0.596816 , 0.514243 , 0.586788 , 0.350393 , 0.005435 , 0.842589 , 0.139328 , 30.000000
0.278271 , 0.609236 , 0.570266 , 0.710724 , 0.765283 , 0.946779 , 0.948850 , 0.755494 , 0.640974 , 0.014708 , 0.751475 , 0.611209 , 30.000000
0.529396 , 0.643873 , 0.791340 , 0.558754 , 0.593641 , 0.668740 , 0.621259 , 0.530757 , 0.114377 , 0.301776 , 0.229673 , 0.434107 , 30.000000
0.327407 , 0.433562 , 0.511419 , 0.730818 , 0.596253 , 0.623180 , 0.536686 , 0.541083 , 0.145331 , 0.205115 , 0.220656 , 0.129966 , 20.000000
0.269400 , 0.172926 , 0.528974 , 0.778221 , 0.315118 , 0.314654 , 0.264308 , 0.560063 , 0.258010 , 0.009955 , 0.730576 , 0.049412 , 30.000000
0.362434 , 0.563547 , 0.396022 , 0.543993 , 0.731060 , 0.769056 , 0.663580 , 0.895558 , 0.823840 , 0.007248 , 0.813506 , 0.259866 , 30.000000
0.583194 , 0.767028 , 0.762571 , 0.406104 , 0.733066 , 0.779936 , 0.681133 , 0.084998 , 0.115405 , 0.216616 , 0.303264 , 0.540277 , 20.000000
0.724386 , 0.956182 , 0.680389 , 0.239827 , 0.899690 , 0.873966 , 0.682794 , 0.341728 , 0.141298 , 0.068531 , 0.390527 , 0.861127 , 20.000000
0.213702 , 0.473713 , 0.579432 , 0.777743 , 0.682437 , 0.831451 , 0.824678 , 0.571279 , 0.141791 , 0.080147 , 0.365888 , 0.432482 , 20.000000
0.410786 , 0.283646 , 0.597934 , 0.620313 , 0.282646 , 0.292705 , 0.257464 , 0.464563 , 0.187081 , 0.037633 , 0.535138 , 0.037969 , 30.000000
0.401695 , 0.601013 , 0.617863 , 0.688613 , 0.767908 , 0.772877 , 0.633417 , 0.676565 , 0.410246 , 0.012404 , 0.728005 , 0.260776 , 30.000000
0.677862 , 0.918080 , 0.498245 , 0.181054 , 0.919245 , 0.878726 , 0.671701 , 0.490480 , 0.169698 , 0.320202 , 0.098931 , 0.974969 , 30.000000
0.514319 , 0.802178 , 0.646668 , 0.390492 , 0.784132 , 0.922070 , 0.885462 , 0.584061 , 0.280650 , 0.062245 , 0.493617 , 0.976790 , 30.000000
0.402333 , 0.628563 , 0.594538 , 0.562750 , 0.721868 , 0.812688 , 0.751298 , 0.612668 , 0.235766 , 0.112346 , 0.326021 , 0.391977 , 30.000000
0.557766 , 0.759418 , 0.449767 , 0.320355 , 0.839300 , 0.802036 , 0.614112 , 0.734500 , 0.600296 , 0.021868 , 0.699731 , 0.434367 , 20.000000
0.543319 , 0.451785 , 0.597550 , 0.427591 , 0.363026 , 0.367076 , 0.310447 , 0.394467 , 0.190742 , 0.048138 , 0.454017 , 0.091737 , 30.000000
0.476718 , 0.784609 , 0.525009 , 0.552623 , 0.890479 , 0.945432 , 0.820596 , 0.547962 , 0.265983 , 0.038649 , 0.576572 , 0.992913 , 30.000000
0.542027 , 0.710665 , 0.681780 , 0.525860 , 0.705997 , 0.750732 , 0.655812 , 0.675136 , 0.473837 , 0.010190 , 0.781716 , 0.283857 , 30.000000
0.430322 , 0.663443 , 0.723093 , 0.795211 , 0.793259 , 0.827468 , 0.706130 , 0.543120 , 0.338105 , 0.064497 , 0.427551 , 0.453482 , 30.000000
0.450405 , 0.394379 , 0.692327 , 0.578098 , 0.411256 , 0.404157 , 0.328669 , 0.623465 , 0.330102 , 0.011540 , 0.744336 , 0.116767 , 30.000000
0.303291 , 0.150210 , 0.487627 , 0.690981 , 0.294883 , 0.236718 , 0.144464 , 0.564631 , 0.322842 , 0.003722 , 0.854723 , 0.009817 , 10.000000
0.322758 , 0.509138 , 0.336119 , 0.259278 , 0.632665 , 0.740781 , 0.711617 , 0.581509 , 0.304176 , 0.179559 , 0.243948 , 0.366946 , 30.000000
0.342100 , 0.421683 , 0.611912 , 0.829763 , 0.633205 , 0.586395 , 0.433383 , 0.509886 , 0.289137 , 0.028994 , 0.574633 , 0.127755 , 30.000000
0.700741 , 0.906311 , 0.668267 , 0.287245 , 0.877414 , 0.831375 , 0.628575 , 0.270041 , 0.085784 , 0.092784 , 0.315514 , 0.830830 , 20.000000
0.361132 , 0.712941 , 0.388001 , 0.493517 , 0.922540 , 0.991186 , 0.870668 , 0.650003 , 0.314339 , 0.018067 , 0.689954 , 0.997659 , 30.000000
0.006771 , 0.007890 , 0.192122 , 0.700964 , 0.341630 , 0.415374 , 0.418825 , 0.738565 , 0.459876 , 0.000000 , 0.974229 , 0.012548 , 10.000000
0.398088 , 0.746996 , 0.482283 , 0.335788 , 0.797099 , 0.992995 , 1.000000 , 0.531770 , 0.263006 , 0.074639 , 0.346316 , 1.000000 , 30.000000
0.564598 , 0.669040 , 0.671162 , 0.534537 , 0.713922 , 0.659735 , 0.484170 , 0.490448 , 0.299556 , 0.055524 , 0.485336 , 0.207399 , 30.000000
0.560839 , 0.798828 , 0.622154 , 0.337585 , 0.808456 , 0.856156 , 0.742455 , 0.434089 , 0.163501 , 0.024138 , 0.587003 , 0.777388 , 30.000000
0.368622 , 0.590231 , 0.570965 , 0.529766 , 0.738715 , 0.800317 , 0.712114 , 0.685039 , 0.212148 , 0.118264 , 0.337424 , 0.538912 , 30.000000
0.132533 , 0.332369 , 0.354538 , 0.623518 , 0.566504 , 0.729291 , 0.757446 , 0.495047 , 0.339869 , 0.034625 , 0.646848 , 0.113582 , 30.000000
0.328395 , 0.384353 , 0.800750 , 0.825942 , 0.424482 , 0.549279 , 0.576404 , 0.398997 , 0.357403 , 0.142591 , 0.551902 , 0.188804 , 20.000000
0.249137 , 0.411907 , 0.622441 , 0.859106 , 0.606369 , 0.693815 , 0.653569 , 0.605724 , 0.190299 , 0.123657 , 0.295190 , 0.226188 , 20.000000
0.269686 , 0.562422 , 0.203106 , 0.321868 , 0.766079 , 0.888959 , 0.844050 , 0.857419 , 0.605773 , 0.006345 , 0.836853 , 0.588128 , 30.000000
0.374206 , 0.527743 , 0.557125 , 0.684884 , 0.695264 , 0.700800 , 0.576786 , 0.307120 , 0.065309 , 0.055435 , 0.403390 , 0.303036 , 30.000000
0.358866 , 0.391288 , 0.727160 , 0.720279 , 0.468825 , 0.519574 , 0.478406 , 0.314641 , 0.202919 , 0.886840 , 0.248558 , 0.183993 , 30.000000
0.344866 , 0.498679 , 0.780465 , 0.820906 , 0.579591 , 0.696374 , 0.685084 , 0.714907 , 0.381175 , 0.045473 , 0.575503 , 0.274299 , 20.000000
0.394551 , 0.669347 , 0.762754 , 0.849669 , 0.845925 , 0.883063 , 0.753193 , 0.718478 , 0.552013 , 0.061371 , 0.503744 , 0.448865 , 30.000000
0.445586 , 0.565722 , 0.527955 , 0.571170 , 0.693983 , 0.663280 , 0.510588 , 0.497992 , 0.250865 , 0.014266 , 0.676991 , 0.081984 , 30.000000
0.187628 , 0.035538 , 0.363226 , 0.600708 , 0.167937 , 0.219122 , 0.240404 , 0.659411 , 0.341220 , 0.004059 , 0.832989 , 0.030557 , 10.000000
0.323495 , 0.323128 , 0.375399 , 0.548909 , 0.540015 , 0.465369 , 0.309358 , 0.378388 , 0.077995 , 0.088448 , 0.339165 , 0.072622 , 30.000000
0.273956 , 0.430106 , 0.600065 , 0.820956 , 0.664675 , 0.688138 , 0.584756 , 0.477247 , 0.134747 , 0.060709 , 0.408086 , 0.241792 , 30.000000
0.540649 , 0.474104 , 0.830905 , 0.544630 , 0.319355 , 0.403506 , 0.419866 , 0.535319 , 0.101378 , 0.277869 , 0.241985 , 0.219817 , 20.000000
0.363051 , 0.652227 , 0.459943 , 0.528367 , 0.784752 , 0.899090 , 0.843504 , 0.503858 , 0.138157 , 0.091695 , 0.379430 , 0.800143 , 20.000000
0.416535 , 0.597259 , 0.654324 , 0.580246 , 0.617693 , 0.747888 , 0.739447 , 0.571606 , 0.254632 , 0.086711 , 0.334103 , 0.427801 , 20.000000
0.348139 , 0.516698 , 0.861542 , 0.841194 , 0.633171 , 0.718669 , 0.671336 , 0.522379 , 0.288033 , 0.079912 , 0.350420 , 0.293154 , 30.000000
0.419986 , 0.733125 , 0.872428 , 0.720456 , 0.822622 , 0.943828 , 0.885911 , 0.361274 , 0.080998 , 0.057955 , 0.422571 , 0.792471 , 30.000000
0.361192 , 0.664196 , 0.692648 , 0.701837 , 0.802798 , 0.919187 , 0.861516 , 0.431632 , 0.153457 , 0.017378 , 0.657530 , 0.723685 , 30.000000
0.493740 , 0.284103 , 0.659516 , 0.459543 , 0.164916 , 0.184652 , 0.181440 , 0.551630 , 0.263908 , 0.025654 , 0.639914 , 0.053313 , 30.000000
0.423905 , 0.503020 , 0.773516 , 0.761821 , 0.553461 , 0.599184 , 0.536533 , 0.723847 , 0.600865 , 0.010556 , 0.859246 , 0.196411 , 30.000000
0.597315 , 0.831867 , 0.741298 , 0.402935 , 0.822550 , 0.857095 , 0.729980 , 0.816467 , 0.714372 , 0.011192 , 0.800436 , 0.541967 , 30.000000
0.538533 , 0.620869 , 0.455631 , 0.377470 , 1.000000 , 0.622823 , 0.130250 , 0.382499 , 0.217275 , 0.098131 , 0.295460 , 0.161238 , 30.000000
0.297985 , 0.435397 , 0.635621 , 0.720110 , 0.579481 , 0.664450 , 0.627774 , 0.636039 , 0.156027 , 0.083303 , 0.387711 , 0.416358 , 30.000000
0.345383 , 0.108362 , 0.401604 , 0.574108 , 0.225409 , 0.119804 , 0.004000 , 0.550903 , 0.261591 , 0.008026 , 0.767810 , 0.003771 , 10.000000
0.542738 , 0.749293 , 0.415928 , 0.291071 , 0.831137 , 0.806794 , 0.630874 , 0.510588 , 0.191681 , 0.233574 , 0.196686 , 0.719784 , 30.000000
0.541684 , 0.774086 , 0.621483 , 0.584213 , 0.888899 , 0.844756 , 0.641100 , 0.622396 , 0.269642 , 0.168893 , 0.326276 , 0.641506 , 30.000000
0.257815 , 0.588857 , 0.626139 , 0.746146 , 0.776960 , 0.943522 , 0.931255 , 0.510855 , 0.118033 , 0.055659 , 0.414801 , 0.626032 , 20.000000
0.378864 , 0.350166 , 0.456311 , 0.600979 , 0.500949 , 0.432691 , 0.289844 , 0.409791 , 0.136639 , 0.072101 , 0.382479 , 0.038879 , 30.000000
0.563769 , 0.627461 , 0.667478 , 0.448325 , 0.606518 , 0.599473 , 0.483728 , 0.486498 , 0.191459 , 0.172281 , 0.257499 , 0.213250 , 30.000000
0.554501 , 0.731100 , 0.700700 , 0.485975 , 0.695757 , 0.764535 , 0.690930 , 0.577711 , 0.255495 , 0.331224 , 0.160948 , 0.400169 , 30.000000
0.288831 , 0.519571 , 0.592046 , 0.761549 , 0.705626 , 0.800642 , 0.745956 , 0.588241 , 0.086319 , 0.335506 , 0.138161 , 0.470451 , 30.000000
0.669079 , 0.871796 , 0.549375 , 0.097946 , 0.824726 , 0.821949 , 0.664576 , 0.639198 , 0.452111 , 0.029818 , 0.551381 , 0.573695 , 30.000000
0.527818 , 0.798706 , 0.606510 , 0.551714 , 0.934412 , 0.899257 , 0.693386 , 0.397674 , 0.157079 , 0.022820 , 0.654148 , 0.872245 , 30.000000
0.546063 , 0.576910 , 0.757100 , 0.603531 , 0.600417 , 0.548094 , 0.397445 , 0.677716 , 0.328528 , 0.143997 , 0.378044 , 0.292634 , 30.000000
0.568193 , 0.565039 , 0.595023 , 0.318771 , 0.469691 , 0.501574 , 0.445160 , 0.479766 , 0.106342 , 0.271033 , 0.155938 , 0.257851 , 20.000000
0.323687 , 0.568584 , 0.585017 , 0.601079 , 0.693495 , 0.827272 , 0.806046 , 0.399063 , 0.142284 , 0.039140 , 0.431611 , 0.434692 , 30.000000
0.337800 , 0.542655 , 0.591016 , 0.716629 , 0.664080 , 0.770518 , 0.733528 , 0.586509 , 0.299282 , 0.011268 , 0.716603 , 0.376113 , 30.000000
0.614054 , 0.728782 , 0.633825 , 0.364183 , 0.766955 , 0.683060 , 0.472823 , 0.386480 , 0.059597 , 0.280703 , 0.105053 , 0.093557 , 30.000000
0.679407 , 0.427666 , 0.657941 , 0.308345 , 0.173295 , 0.153123 , 0.116307 , 0.483518 , 0.198595 , 0.013930 , 0.693443 , 0.040635 , 30.000000
0.333870 , 0.366191 , 0.498386 , 0.769514 , 0.566193 , 0.515307 , 0.372870 , 0.550999 , 0.371161 , 0.011695 , 0.755047 , 0.076263 , 30.000000
0.329975 , 0.333533 , 0.519642 , 0.736063 , 0.474656 , 0.472227 , 0.387384 , 0.543671 , 0.258769 , 0.020899 , 0.607589 , 0.060464 , 30.000000
0.272790 , 0.438520 , 0.547977 , 0.839420 , 0.692908 , 0.702080 , 0.581457 , 0.557190 , 0.412981 , 0.015270 , 0.727298 , 0.207269 , 20.000000
0.254434 , 0.247089 , 0.509319 , 0.892411 , 0.520749 , 0.443693 , 0.289733 , 0.653311 , 0.254824 , 0.052704 , 0.485406 , 0.094662 , 30.000000
0.357594 , 0.612999 , 0.544943 , 0.746682 , 0.793104 , 0.848362 , 0.743867 , 0.553909 , 0.192245 , 0.134351 , 0.255791 , 0.470516 , 30.000000
0.426214 , 0.616220 , 0.414424 , 0.459225 , 0.677991 , 0.763178 , 0.706346 , 0.433712 , 0.214140 , 0.049608 , 0.444139 , 0.327287 , 30.000000
0.282654 , 0.396494 , 0.289941 , 0.546435 , 0.563420 , 0.627144 , 0.576816 , 0.534520 , 0.220516 , 0.061580 , 0.484962 , 0.220857 , 30.000000
0.300484 , 0.322604 , 0.479968 , 0.759094 , 0.528558 , 0.494755 , 0.373729 , 0.553978 , 0.177967 , 0.077286 , 0.472919 , 0.096548 , 20.000000
0.202377 , 0.087607 , 0.310642 , 0.630435 , 0.260315 , 0.276617 , 0.250972 , 0.649716 , 0.339140 , 0.012298 , 0.705903 , 0.010077 , 30.000000
0.269686 , 0.562422 , 0.203106 , 0.321868 , 0.766079 , 0.888959 , 0.844050 , 0.857419 , 0.605773 , 0.006345 , 0.836853 , 0.588128 , 30.000000
0.146012 , 0.488679 , 0.541811 , 0.895841 , 0.811647 , 0.942251 , 0.894106 , 0.574379 , 0.056238 , 0.228566 , 0.145788 , 0.660035 , 30.000000
0.422578 , 0.623584 , 0.792723 , 0.682632 , 0.657686 , 0.778808 , 0.754867 , 0.182889 , 0.189047 , 0.304105 , 0.232611 , 0.436643 , 30.000000
0.556205 , 0.767819 , 0.757232 , 0.483054 , 0.795649 , 0.816478 , 0.683960 , 0.374603 , 0.022823 , 0.190859 , 0.166898 , 0.528964 , 30.000000
0.512271 , 0.306900 , 0.725381 , 0.572460 , 0.197514 , 0.194000 , 0.165490 , 0.569958 , 0.287460 , 0.004861 , 0.828726 , 0.080749 , 10.000000
0.195659 , 0.258626 , 0.452539 , 0.846673 , 0.532908 , 0.537751 , 0.446692 , 0.564082 , 0.209446 , 0.036397 , 0.516346 , 0.075938 , 30.000000
0.408904 , 0.603866 , 0.744271 , 0.771541 , 0.691606 , 0.767637 , 0.700681 , 0.585424 , 0.305270 , 0.052417 , 0.466370 , 0.403420 , 20.000000
0.434472 , 0.715861 , 0.660474 , 0.690809 , 0.842194 , 0.899368 , 0.786272 , 0.636602 , 0.357379 , 0.110883 , 0.311466 , 0.524608 , 30.000000
0.295624 , 0.501579 , 0.646369 , 0.779983 , 0.629258 , 0.765193 , 0.758950 , 0.587986 , 0.258959 , 0.038583 , 0.524250 , 0.379169 , 20.000000
0.237395 , 0.364644 , 0.586890 , 0.944137 , 0.611798 , 0.639471 , 0.550364 , 0.708553 , 0.371494 , 0.054584 , 0.519168 , 0.252324 , 20.000000
0.260186 , 0.427473 , 0.583893 , 0.873940 , 0.706413 , 0.702299 , 0.568278 , 0.598628 , 0.193022 , 0.104636 , 0.359742 , 0.266628 , 30.000000
0.350555 , 0.571117 , 0.703591 , 0.706348 , 0.666292 , 0.795795 , 0.776771 , 0.482452 , 0.061043 , 0.206624 , 0.175813 , 0.477082 , 20.000000
0.528816 , 0.663981 , 0.677544 , 0.508087 , 0.687929 , 0.699168 , 0.581224 , 0.393747 , 0.209957 , 0.071574 , 0.394440 , 0.139848 , 20.000000
0.421337 , 0.607105 , 0.434776 , 0.376234 , 0.709022 , 0.756121 , 0.662463 , 0.483729 , 0.269589 , 0.031786 , 0.503993 , 0.351343 , 30.000000
0.151264 , 0.107276 , 0.135672 , 0.455394 , 0.445552 , 0.372629 , 0.237490 , 0.528977 , 0.260377 , 0.040541 , 0.561666 , 0.003056 , 30.000000
0.800512 , 0.939818 , 0.811445 , 0.166024 , 0.718552 , 0.750046 , 0.641958 , 0.601188 , 0.352973 , 0.034551 , 0.531022 , 0.592029 , 30.000000
0.263420 , 0.128292 , 0.487441 , 0.773842 , 0.309268 , 0.256637 , 0.165834 , 0.565179 , 0.318077 , 0.002807 , 0.872104 , 0.005526 , 10.000000
0.746685 , 0.604127 , 0.704961 , 0.277524 , 0.284756 , 0.325302 , 0.313976 , 0.509239 , 0.213604 , 0.142171 , 0.428645 , 0.127820 , 30.000000
0.276526 , 0.522087 , 0.436320 , 0.688262 , 0.857361 , 0.820481 , 0.629136 , 0.446105 , 0.022408 , 0.205365 , 0.135679 , 0.631363 , 30.000000
0.374304 , 0.646207 , 0.571209 , 0.662444 , 0.798646 , 0.875458 , 0.787034 , 0.776448 , 0.716044 , 0.012136 , 0.737584 , 0.374618 , 30.000000
0.245012 , 0.422635 , 0.534423 , 0.855148 , 0.694528 , 0.715051 , 0.603158 , 0.523815 , 0.356751 , 0.011984 , 0.707864 , 0.220337 , 20.000000
0.416057 , 0.294021 , 0.498671 , 0.503271 , 0.268188 , 0.301102 , 0.287101 , 0.584911 , 0.299741 , 0.001649 , 0.878702 , 0.041935 , 10.000000
0.336956 , 0.188566 , 0.398901 , 0.590811 , 0.330212 , 0.249186 , 0.131381 , 0.497045 , 0.242724 , 0.016965 , 0.652345 , 0.006632 , 30.000000
0.390257 , 0.565081 , 0.535413 , 0.715714 , 0.731285 , 0.734852 , 0.601831 , 0.605346 , 0.478352 , 0.012406 , 0.717913 , 0.235810 , 20.000000
0.452651 , 0.768645 , 0.485291 , 0.316374 , 0.819092 , 0.953422 , 0.906717 , 0.869738 , 0.627855 , 0.000275 , 1.000000 , 0.999285 , 30.000000
0.396510 , 0.325018 , 0.637629 , 0.582466 , 0.326163 , 0.372458 , 0.357177 , 0.398922 , 0.281128 , 0.133585 , 0.457775 , 0.149340 , 30.000000
0.247986 , 0.329935 , 0.510387 , 0.773081 , 0.493883 , 0.574379 , 0.551798 , 0.593014 , 0.269626 , 0.022246 , 0.594166 , 0.080034 , 30.000000
0.485295 , 0.604772 , 0.915459 , 0.776805 , 0.689456 , 0.668850 , 0.525156 , 0.412776 , 0.284973 , 0.035624 , 0.545281 , 0.409141 , 30.000000
0.380169 , 0.385032 , 0.403076 , 0.410308 , 0.459545 , 0.482422 , 0.420908 , 0.525585 , 0.170113 , 0.230021 , 0.202677 , 0.198817 , 30.000000
0.246983 , 0.540704 , 0.523114 , 0.739017 , 0.870404 , 0.886672 , 0.735083 , 0.506209 , 0.109589 , 0.066676 , 0.424422 , 0.664326 , 20.000000
0.328798 , 0.340212 , 0.516085 , 0.763419 , 0.497513 , 0.483624 , 0.384912 , 0.543044 , 0.313096 , 0.017716 , 0.699855 , 0.022365 , 30.000000
0.466758 , 0.752046 , 0.401209 , 0.296297 , 0.808122 , 0.910441 , 0.840433 , 0.571552 , 0.274100 , 0.019964 , 0.612600 , 0.763539 , 30.000000
0.322291 , 0.637416 , 0.325150 , 0.167726 , 0.738626 , 0.930661 , 0.946650 , 1.000000 , 0.833571 , 0.001745 , 0.963533 , 0.808985 , 30.000000
0.407469 , 0.537929 , 0.680023 , 0.697815 , 0.641832 , 0.672233 , 0.579105 , 0.688091 , 0.415862 , 0.008004 , 0.849768 , 0.193160 , 30.000000
0.584086 , 0.860780 , 0.691127 , 0.305521 , 0.828141 , 0.917093 , 0.832278 , 0.413636 , 0.158561 , 0.084240 , 0.369445 , 0.983941 , 30.000000
0.425926 , 0.531181 , 0.715163 , 0.751978 , 0.621627 , 0.638086 , 0.537994 , 0.662866 , 0.364926 , 0.106287 , 0.431020 , 0.211950 , 20.000000
0.438079 , 0.481898 , 0.512134 , 0.507083 , 0.573988 , 0.549442 , 0.426433 , 0.502709 , 0.164740 , 0.079060 , 0.386720 , 0.143229 , 20.000000
0.744836 , 0.936206 , 0.558542 , 0.114502 , 0.768624 , 0.817689 , 0.713299 , 0.436718 , 0.156576 , 0.409219 , 0.070064 , 0.874195 , 30.000000
0.252305 , 0.218943 , 0.340010 , 0.584477 , 0.386973 , 0.404956 , 0.354513 , 0.585281 , 0.312329 , 0.021627 , 0.697762 , 0.007737 , 30.000000
0.188803 , 0.235559 , 0.286121 , 0.619824 , 0.482943 , 0.512702 , 0.451857 , 0.386136 , 0.172178 , 0.033168 , 0.544713 , 0.002471 , 30.000000
0.075368 , 0.098422 , 0.506011 , 0.926393 , 0.384432 , 0.459041 , 0.454348 , 0.615289 , 0.368912 , 0.058306 , 0.695922 , 0.106495 , 30.000000
0.437079 , 0.719434 , 0.567739 , 0.501801 , 0.774447 , 0.901224 , 0.857700 , 0.455556 , 0.166114 , 0.032093 , 0.547641 , 0.884923 , 20.000000
0.322547 , 0.175549 , 0.589765 , 0.776628 , 0.276957 , 0.248866 , 0.184330 , 0.572641 , 0.325431 , 0.009170 , 0.811065 , 0.018594 , 30.000000
0.243559 , 0.406076 , 0.928026 , 1.000000 , 0.644719 , 0.692523 , 0.612700 , 0.604346 , 0.167720 , 0.090065 , 0.349644 , 0.334829 , 30.000000
0.658940 , 0.917700 , 0.537759 , 0.204236 , 0.821896 , 0.902966 , 0.813144 , 0.487884 , 0.220397 , 0.024785 , 0.620098 , 0.988622 , 30.000000
0.555362 , 0.774455 , 0.795666 , 0.493274 , 0.683393 , 0.827373 , 0.816383 , 0.211052 , 0.242683 , 0.206668 , 0.286795 , 0.510110 , 30.000000
0.336199 , 0.653103 , 0.610083 , 0.645715 , 0.778019 , 0.935577 , 0.915901 , 0.650046 , 0.150400 , 0.172765 , 0.217287 , 0.776087 , 20.000000
0.383297 , 0.544976 , 0.921479 , 0.825309 , 0.664099 , 0.714311 , 0.632411 , 0.428206 , 0.206609 , 0.073630 , 0.398604 , 0.310318 , 30.000000
0.531513 , 0.612641 , 0.749948 , 0.518655 , 0.540987 , 0.619885 , 0.586306 , 0.566370 , 0.355123 , 0.041662 , 0.517826 , 0.189975 , 20.000000
0.168543 , 0.214268 , 0.459993 , 0.736419 , 0.412254 , 0.507844 , 0.514165 , 0.603128 , 0.283632 , 0.022781 , 0.603714 , 0.038879 , 30.000000
0.251354 , 0.002778 , 0.384222 , 0.482689 , 0.110626 , 0.087263 , 0.060834 , 0.614958 , 0.306505 , 0.004034 , 0.873697 , 0.020155 , 10.000000
0.371156 , 0.324470 , 0.567269 , 0.769174 , 0.411989 , 0.404879 , 0.329231 , 0.505826 , 0.334209 , 0.008257 , 0.774420 , 0.038814 , 10.000000
0.311315 , 0.416295 , 0.601756 , 0.821205 , 0.572905 , 0.618795 , 0.552266 , 0.574252 , 0.400213 , 0.019380 , 0.686509 , 0.091411 , 30.000000
0.524566 , 0.692519 , 0.746945 , 0.528251 , 0.660995 , 0.746845 , 0.694049 , 0.614621 , 0.358674 , 0.005707 , 0.802662 , 0.382095 , 30.000000
0.647552 , 0.392490 , 0.647340 , 0.325735 , 0.091944 , 0.142974 , 0.179818 , 0.467992 , 0.186777 , 0.011003 , 0.718186 , 0.039464 , 10.000000
0.587282 , 0.506844 , 0.690448 , 0.540167 , 0.442407 , 0.390692 , 0.273140 , 0.592374 , 0.401433 , 0.014541 , 0.741534 , 0.143099 , 30.000000
0.386884 , 0.398117 , 0.569258 , 0.650931 , 0.474192 , 0.492928 , 0.425084 , 0.419214 , 0.149465 , 0.100985 , 0.282399 , 0.068981 , 30.000000
0.251609 , 0.583164 , 0.568812 , 0.822560 , 0.859493 , 0.943256 , 0.847826 , 0.710074 , 0.493394 , 0.009869 , 0.801059 , 0.646902 , 30.000000
0.306408 , 0.343662 , 0.396869 , 0.611579 , 0.509403 , 0.518060 , 0.434900 , 0.403276 , 0.202129 , 0.059815 , 0.415089 , 0.055068 , 30.000000
0.520650 , 0.628355 , 0.547149 , 0.319253 , 0.693486 , 0.657308 , 0.500346 , 0.378691 , 0.119460 , 0.074403 , 0.346489 , 0.139848 , 30.000000
0.619017 , 0.496203 , 0.659515 , 0.319751 , 0.306331 , 0.333397 , 0.306852 , 0.492318 , 0.224091 , 0.034615 , 0.555596 , 0.068591 , 30.000000
0.424219 , 0.607570 , 0.544898 , 0.483117 , 0.705433 , 0.753029 , 0.660509 , 0.406248 , 0.104711 , 0.091489 , 0.315553 , 0.459593 , 20.000000
0.705805 , 0.896471 , 0.769942 , 0.221574 , 0.744108 , 0.810219 , 0.724505 , 0.614959 , 0.311212 , 0.018683 , 0.660627 , 0.710227 , 30.000000
0.252270 , 0.456224 , 0.440429 , 0.745058 , 0.715533 , 0.755096 , 0.654075 , 0.551802 , 0.153635 , 0.045571 , 0.515432 , 0.300501 , 20.000000
0.552619 , 0.361926 , 0.702968 , 0.466241 , 0.254308 , 0.222305 , 0.159320 , 0.588028 , 0.247751 , 0.046172 , 0.553964 , 0.076718 , 30.000000
0.342124 , 0.610082 , 0.518843 , 0.521401 , 0.711738 , 0.864336 , 0.854378 , 0.582349 , 0.216910 , 0.069665 , 0.379274 , 0.544633 , 20.000000
0.458274 , 0.694530 , 0.720249 , 0.731815 , 0.803848 , 0.836699 , 0.712090 , 0.624829 , 0.464574 , 0.044941 , 0.535194 , 0.505494 , 30.000000
0.242898 , 0.483725 , 0.397163 , 0.760325 , 0.803659 , 0.807955 , 0.660580 , 0.600148 , 0.120399 , 0.169165 , 0.229484 , 0.529289 , 30.000000
0.366511 , 0.626450 , 0.676262 , 0.833346 , 0.817726 , 0.856523 , 0.733798 , 0.724806 , 0.569107 , 0.061268 , 0.471404 , 0.398089 , 30.000000
0.560463 , 0.370860 , 0.566442 , 0.357256 , 0.203217 , 0.225206 , 0.215888 , 0.420321 , 0.206180 , 0.066006 , 0.377504 , 0.049152 , 30.000000
0.316545 , 0.614792 , 0.539763 , 0.581203 , 0.771423 , 0.904810 , 0.867190 , 0.658326 , 0.375152 , 0.018933 , 0.694797 , 0.593394 , 30.000000
0.676004 , 0.925318 , 0.502793 , 0.155575 , 0.910748 , 0.891840 , 0.703830 , 0.449122 , 0.145559 , 0.204207 , 0.173200 , 0.990443 , 30.000000
0.466684 , 0.743064 , 0.722548 , 0.564118 , 0.814880 , 0.897287 , 0.809981 , 0.495537 , 0.125257 , 0.098857 , 0.395462 , 0.772707 , 20.000000
0.395542 , 0.717175 , 0.400235 , 0.446482 , 0.966627 , 0.952331 , 0.756472 , 0.425588 , 0.155551 , 0.026906 , 0.586044 , 0.977050 , 30.000000
0.598855 , 0.838645 , 0.597442 , 0.292990 , 0.824102 , 0.865077 , 0.742777 , 0.729498 , 0.545482 , 0.018803 , 0.675333 , 0.663936 , 30.000000
0.403835 , 0.651219 , 0.688228 , 0.652702 , 0.759967 , 0.844148 , 0.769593 , 0.520968 , 0.247093 , 0.054878 , 0.429375 , 0.553280 , 20.000000
0.475007 , 0.759671 , 0.514023 , 0.449940 , 0.902309 , 0.910879 , 0.746556 , 0.450685 , 0.135402 , 0.027453 , 0.556518 , 0.978870 , 30.000000
0.429674 , 0.555430 , 0.539880 , 0.649716 , 0.725970 , 0.668950 , 0.488637 , 0.463392 , 0.209035 , 0.037548 , 0.519652 , 0.178922 , 30.000000
0.325956 , 0.471839 , 0.759620 , 0.942716 , 0.700945 , 0.681557 , 0.536465 , 0.590734 , 0.447894 , 0.026363 , 0.599028 , 0.217151 , 30.000000
0.259880 , 0.291047 , 0.487479 , 0.837235 , 0.557347 , 0.501413 , 0.356769 , 0.682980 , 0.264030 , 0.098924 , 0.344245 , 0.075678 , 30.000000
0.174534 , 0.237199 , 0.503135 , 0.791118 , 0.437332 , 0.533824 , 0.535690 , 0.614657 , 0.270553 , 0.023909 , 0.612754 , 0.045251 , 30.000000
0.448870 , 0.705987 , 0.563807 , 0.552559 , 0.792645 , 0.865930 , 0.775927 , 0.476495 , 0.152504 , 0.096973 , 0.305877 , 0.674664 , 20.000000
0.392234 , 0.724111 , 1.000000 , 0.881608 , 0.914451 , 0.966902 , 0.835119 , 0.412472 , 0.264895 , 0.029266 , 0.618349 , 0.823223 , 30.000000
0.631390 , 0.536816 , 0.684793 , 0.425820 , 0.359684 , 0.377103 , 0.331842 , 0.565545 , 0.261222 , 0.195295 , 0.403947 , 0.164489 , 30.000000
0.398978 , 0.323884 , 0.415422 , 0.360345 , 0.395716 , 0.367549 , 0.278442 , 0.547830 , 0.296474 , 0.042676 , 0.468344 , 0.018139 , 30.000000
0.354341 , 0.320553 , 0.402784 , 0.572314 , 0.496709 , 0.421139 , 0.273329 , 0.445209 , 0.179251 , 0.063184 , 0.395405 , 0.012093 , 30.000000
0.325540 , 0.383158 , 0.464452 , 0.722042 , 0.550289 , 0.551259 , 0.453521 , 0.425682 , 0.192063 , 0.041449 , 0.483751 , 0.098368 , 30.000000
0.349131 , 0.399588 , 0.523290 , 0.761097 , 0.593442 , 0.544580 , 0.398135 , 0.503329 , 0.274801 , 0.012176 , 0.736107 , 0.098693 , 30.000000
0.260560 , 0.512172 , 0.547544 , 0.823374 , 0.873213 , 0.826779 , 0.624530 , 0.389897 , 0.055266 , 0.085263 , 0.387504 , 0.455302 , 30.000000
0.374569 , 0.664560 , 0.515316 , 0.422731 , 0.810672 , 0.902190 , 0.823030 , 0.561667 , 0.201069 , 0.030802 , 0.556042 , 0.824784 , 30.000000
0.709464 , 0.436471 , 0.608150 , 0.299308 , 0.165394 , 0.126718 , 0.076756 , 0.530884 , 0.242292 , 0.006063 , 0.828497 , 0.031402 , 10.000000
0.372572 , 0.385319 , 0.607939 , 0.797353 , 0.543597 , 0.492803 , 0.355102 , 0.542179 , 0.317599 , 0.040149 , 0.492114 , 0.120863 , 30.000000
0.743512 , 0.680745 , 0.767521 , 0.273710 , 0.404664 , 0.442506 , 0.404273 , 0.423172 , 0.144054 , 0.323892 , 0.199329 , 0.285287 , 20.000000
0.570312 , 0.784792 , 0.492928 , 0.186423 , 0.804495 , 0.823030 , 0.686854 , 0.493343 , 0.235965 , 0.106363 , 0.305922 , 0.662441 , 20.000000
0.824360 , 0.872853 , 0.653143 , 0.083531 , 0.665466 , 0.619985 , 0.461375 , 0.390503 , 0.222710 , 0.107298 , 0.313248 , 0.199792 , 30.000000
0.498315 , 0.761033 , 0.371712 , 0.239638 , 0.815093 , 0.882339 , 0.782880 , 0.669200 , 0.509002 , 0.026400 , 0.599679 , 0.804889 , 20.000000
0.447870 , 0.688528 , 0.641725 , 0.518555 , 0.781685 , 0.841480 , 0.742966 , 0.279547 , 0.044286 , 0.066885 , 0.346343 , 0.639750 , 30.000000
0.428523 , 0.672682 , 0.748992 , 0.683140 , 0.720496 , 0.843458 , 0.808023 , 0.546373 , 0.270815 , 0.051146 , 0.431454 , 0.453417 , 30.000000
0.474961 , 0.789083 , 0.678049 , 0.648896 , 0.923816 , 0.954336 , 0.803105 , 0.579128 , 0.132572 , 0.175918 , 0.276634 , 0.991678 , 30.000000
0.279988 , 0.247089 , 0.472920 , 0.617571 , 0.385169 , 0.410201 , 0.365759 , 0.461213 , 0.125542 , 0.066379 , 0.470898 , 0.048436 , 20.000000
0.610389 , 0.463044 , 0.614460 , 0.330745 , 0.320898 , 0.295780 , 0.224551 , 0.535989 , 0.282287 , 0.018614 , 0.664871 , 0.068916 , 30.000000
0.295158 , 0.576579 , 0.618175 , 0.653588 , 0.668049 , 0.876460 , 0.920096 , 0.395964 , 0.083936 , 0.075569 , 0.334877 , 0.587348 , 20.000000
0.401516 , 0.457623 , 0.671930 , 0.691337 , 0.533348 , 0.561548 , 0.489054 , 0.411987 , 0.116085 , 0.035508 , 0.523448 , 0.093752 , 30.000000
0.312951 , 0.454907 , 0.778092 , 0.911885 , 0.619756 , 0.673621 , 0.603791 , 0.771216 , 0.503172 , 0.028150 , 0.626187 , 0.202133 , 30.000000
0.317190 , 0.146137 , 0.428827 , 0.692334 , 0.312496 , 0.212491 , 0.083185 , 0.508089 , 0.261022 , 0.009000 , 0.765350 , 0.002146 , 10.000000
0.310098 , 0.608762 , 0.457041 , 0.683308 , 0.914782 , 0.904364 , 0.722302 , 0.621172 , 0.298647 , 0.014575 , 0.742486 , 0.651973 , 30.000000
0.363039 , 0.430216 , 0.601019 , 0.784576 , 0.605481 , 0.571541 , 0.434530 , 0.538568 , 0.279488 , 0.011255 , 0.753206 , 0.129120 , 30.000000
0.247925 , 0.585224 , 0.597883 , 0.678326 , 0.763419 , 0.951122 , 0.958536 , 0.039835 , 0.066647 , 0.072992 , 0.457324 , 0.873675 , 30.000000
0.334467 , 0.265782 , 0.694993 , 0.728025 , 0.299608 , 0.366377 , 0.372930 , 0.436215 , 0.277546 , 0.020513 , 0.800854 , 0.047591 , 30.000000
0.319616 , 0.371874 , 0.622346 , 0.869395 , 0.602388 , 0.542374 , 0.385176 , 0.505407 , 0.315687 , 0.010745 , 0.768574 , 0.052792 , 30.000000
0.616604 , 0.863547 , 0.744588 , 0.365619 , 0.833143 , 0.878556 , 0.757934 , 0.523541 , 0.106608 , 0.397574 , 0.135850 , 0.860932 , 30.000000
0.474467 , 0.716079 , 0.515735 , 0.556096 , 0.881080 , 0.847269 , 0.653479 , 0.488560 , 0.223605 , 0.079293 , 0.354368 , 0.546193 , 20.000000
0.779765 , 0.875845 , 0.761527 , 0.224491 , 0.765737 , 0.682849 , 0.473667 , 0.459286 , 0.106532 , 0.855689 , 0.000000 , 0.225278 , 30.000000
0.493169 , 0.694377 , 0.653307 , 0.671518 , 0.865612 , 0.790738 , 0.567344 , 0.500186 , 0.270679 , 0.050857 , 0.471249 , 0.372473 , 20.000000
0.694480 , 0.905689 , 0.640635 , 0.215599 , 0.823526 , 0.838663 , 0.695845 , 0.461786 , 0.120257 , 0.296920 , 0.126124 , 0.843248 , 30.000000
0.551768 , 0.849054 , 0.823772 , 0.485651 , 0.809168 , 0.942151 , 0.896417 , 0.062588 , 0.048734 , 0.165477 , 0.338964 , 0.993759 , 20.000000
0.299787 , 0.233957 , 0.512612 , 0.642861 , 0.347051 , 0.364874 , 0.322542 , 0.529176 , 0.174726 , 0.043572 , 0.513197 , 0.052012 , 20.000000
0.263621 , 0.035350 , 0.421482 , 0.600695 , 0.122289 , 0.119242 , 0.106632 , 0.586475 , 0.297556 , 0.005388 , 0.848158 , 0.017424 , 10.000000
0.462364 , 0.733618 , 0.397923 , 0.137667 , 0.803663 , 0.889011 , 0.806368 , 0.753872 , 0.519979 , 0.016676 , 0.699897 , 0.987907 , 30.000000
0.541604 , 0.275049 , 0.633725 , 0.505461 , 0.166959 , 0.108560 , 0.042522 , 0.552695 , 0.255224 , 0.003656 , 0.845406 , 0.045901 , 10.000000
0.376562 , 0.613800 , 0.389067 , 0.428991 , 0.733521 , 0.824684 , 0.761163 , 0.624748 , 0.342157 , 0.010559 , 0.744191 , 0.571809 , 30.000000
0.629068 , 0.279167 , 0.671726 , 0.342468 , 0.000000 , 0.000000 , 0.015062 , 0.540710 , 0.242270 , 0.005455 , 0.809518 , 0.027892 , 10.000000
0.419436 , 0.739960 , 0.293933 , 0.273863 , 0.866607 , 0.954633 , 0.861138 , 0.603150 , 0.359174 , 0.033307 , 0.557097 , 0.889019 , 20.000000
0.570633 , 0.847540 , 0.469336 , 0.188685 , 0.904177 , 0.915190 , 0.752433 , 0.528652 , 0.294291 , 0.049834 , 0.469178 , 0.992003 , 30.000000
0.269151 , 0.273861 , 0.595527 , 0.894423 , 0.514467 , 0.463904 , 0.332401 , 0.529627 , 0.217773 , 0.062424 , 0.459798 , 0.114492 , 30.000000
0.736573 , 0.972659 , 0.639799 , 0.224508 , 0.905031 , 0.882304 , 0.692424 , 0.407370 , 0.084764 , 0.488540 , 0.052656 , 0.978090 , 30.000000
0.436408 , 0.637572 , 0.613483 , 0.607062 , 0.791982 , 0.781320 , 0.624409 , 0.397489 , 0.092524 , 0.065398 , 0.479809 , 0.490345 , 30.000000
0.431541 , 0.724175 , 0.529249 , 0.586172 , 0.908728 , 0.915477 , 0.748375 , 0.443065 , 0.162946 , 0.060588 , 0.439712 , 0.901697 , 30.000000
0.491756 , 0.491694 , 0.798900 , 0.623324 , 0.451424 , 0.493541 , 0.449071 , 0.320893 , 0.047468 , 0.269360 , 0.275104 , 0.158182 , 20.000000
0.349834 , 0.632039 , 0.505386 , 0.536183 , 0.748120 , 0.886627 , 0.857906 , 0.621242 , 0.338820 , 0.035798 , 0.508035 , 0.781159 , 20.000000
0.492699 , 0.785408 , 0.592804 , 0.293600 , 0.768447 , 0.925665 , 0.907692 , 0.534288 , 0.420968 , 0.044801 , 0.604130 , 0.986997 , 30.000000
0.379177 , 0.677774 , 0.341641 , 0.361267 , 0.812631 , 0.915647 , 0.845265 , 0.484460 , 0.221424 , 0.047932 , 0.498094 , 0.931409 , 20.000000
0.405959 , 0.475523 , 0.598904 , 0.559570 , 0.539054 , 0.582135 , 0.520348 , 0.723142 , 0.419296 , 0.007126 , 0.826795 , 0.089396 , 30.000000
0.422861 , 0.369677 , 0.664773 , 0.692222 , 0.407248 , 0.403812 , 0.332078 , 0.616539 , 0.361959 , 0.005626 , 0.852928 , 0.088096 , 30.000000
0.343751 , 0.334803 , 0.600276 , 0.796240 , 0.432785 , 0.456045 , 0.400360 , 0.592342 , 0.338902 , 0.009638 , 0.758932 , 0.064235 , 30.000000
0.283359 , 0.552682 , 0.276291 , 0.298765 , 0.714228 , 0.856667 , 0.838081 , 0.779175 , 0.550504 , 0.038585 , 0.615924 , 0.432807 , 30.000000
0.783208 , 0.565653 , 0.738451 , 0.246122 , 0.225988 , 0.220666 , 0.184835 , 0.441563 , 0.242018 , 0.422359 , 0.220899 , 0.093492 , 30.000000
