0.269686 , 0.562422 , 0.203106 , 0.321868 , 0.766079 , 0.888959 , 0.844050 , 0.857419 , 0.605773 , 0.006345 , 0.836853 , 0.588128 , 30.000000
0.705805 , 0.896471 , 0.769942 , 0.221574 , 0.744108 , 0.810219 , 0.724505 , 0.614959 , 0.311212 , 0.018683 , 0.660627 , 0.710227 , 30.000000
0.357974 , 0.301939 , 0.706885 , 0.717682 , 0.287033 , 0.388914 , 0.426105 , 0.517451 , 0.394665 , 0.127888 , 0.641131 , 0.127040 , 20.000000
0.444514 , 0.645000 , 0.509795 , 0.491592 , 0.732321 , 0.781655 , 0.684974 , 0.458533 , 0.089991 , 0.113882 , 0.292229 , 0.641116 , 30.000000
0.319133 , 0.541538 , 0.367996 , 0.557651 , 0.770181 , 0.793337 , 0.667933 , 0.604855 , 0.260678 , 0.030608 , 0.558465 , 0.527924 , 20.000000
0.419986 , 0.733125 , 0.872428 , 0.720456 , 0.822622 , 0.943828 , 0.885911 , 0.361274 , 0.080998 , 0.057955 , 0.422571 , 0.792471 , 30.000000
0.401873 , 0.180215 , 0.621847 , 0.585189 , 0.150949 , 0.151780 , 0.136352 , 0.551215 , 0.277345 , 0.005474 , 0.826406 , 0.034003 , 10.000000
0.427865 , 0.129020 , 0.570857 , 0.465476 , 0.043633 , 0.042178 , 0.047073 , 0.563976 , 0.234067 , 0.028849 , 0.697595 , 0.031662 , 10.000000
0.343219 , 0.464084 , 0.347801 , 0.539507 , 0.592162 , 0.647488 , 0.584521 , 0.594754 , 0.325321 , 0.014980 , 0.702142 , 0.063325 , 30.000000
0.507062 , 0.489834 , 0.656550 , 0.420554 , 0.450333 , 0.470736 , 0.409149 , 0.515564 , 0.143173 , 0.088863 , 0.348547 , 0.222027 , 20.000000
0.361132 , 0.712941 , 0.388001 , 0.493517 , 0.922540 , 0.991186 , 0.870668 , 0.650003 , 0.314339 , 0.018067 , 0.689954 , 0.997659 , 30.000000
0.344966 , 0.366668 , 0.548181 , 0.740384 , 0.595787 , 0.501467 , 0.318232 , 0.402120 , 0.092983 , 0.089226 , 0.370242 , 0.113062 , 20.000000
0.420800 , 0.716012 , 0.360342 , 0.265212 , 0.824419 , 0.917511 , 0.836770 , 0.501785 , 0.215798 , 0.084557 , 0.357320 , 0.943697 , 30.000000
0.629068 , 0.279167 , 0.671726 , 0.342468 , 0.000000 , 0.000000 , 0.015062 , 0.540710 , 0.242270 , 0.005455 , 0.809518 , 0.027892 , 10.000000
0.561959 , 0.860859 , 0.672196 , 0.479696 , 0.957793 , 0.946211 , 0.754341 , 0.376069 , 0.120273 , 0.011251 , 0.714577 , 0.991158 , 30.000000
0.566337 , 0.450426 , 0.668342 , 0.378592 , 0.304080 , 0.334902 , 0.311822 , 0.389632 , 0.165629 , 0.058586 , 0.455932 , 0.049737 , 30.000000
0.447195 , 0.245986 , 0.585102 , 0.519302 , 0.186312 , 0.189418 , 0.168508 , 0.687404 , 0.271174 , 0.044259 , 0.623706 , 0.079384 , 30.000000
0.542417 , 0.442217 , 0.683249 , 0.554373 , 0.382390 , 0.354141 , 0.267719 , 0.351907 , 0.160414 , 0.127458 , 0.253157 , 0.024251 , 30.000000
0.335068 , 0.399523 , 0.633790 , 0.809244 , 0.575359 , 0.562916 , 0.449291 , 0.635724 , 0.377184 , 0.009798 , 0.789548 , 0.132046 , 30.000000
0.295975 , 0.604570 , 0.576772 , 0.771504 , 0.898806 , 0.916689 , 0.760527 , 0.357158 , 0.035218 , 0.085232 , 0.353076 , 0.764840 , 30.000000
0.390257 , 0.565081 , 0.535413 , 0.715714 , 0.731285 , 0.734852 , 0.601831 , 0.605346 , 0.478352 , 0.012406 , 0.717913 , 0.235810 , 20.000000
0.336710 , 0.193214 , 0.677163 , 0.704170 , 0.187250 , 0.256367 , 0.287985 , 0.407206 , 0.244520 , 0.023014 , 0.793572 , 0.032183 , 30.000000
0.535442 , 0.823179 , 0.367302 , 0.206681 , 0.910081 , 0.925372 , 0.764812 , 0.588207 , 0.335948 , 0.012885 , 0.724787 , 0.804564 , 30.000000
0.792437 , 1.000000 , 0.751605 , 0.127332 , 0.781440 , 0.849423 , 0.757499 , 0.679552 , 0.413873 , 0.022658 , 0.617579 , 0.976399 , 30.000000
0.564596 , 0.536766 , 0.701946 , 0.475711 , 0.511852 , 0.464574 , 0.336235 , 0.554793 , 0.312239 , 0.012772 , 0.723497 , 0.135232 , 30.000000
0.396510 , 0.325018 , 0.637629 , 0.582466 , 0.326163 , 0.372458 , 0.357177 , 0.398922 , 0.281128 , 0.133585 , 0.457775 , 0.149340 , 30.000000
0.347137 , 0.525527 , 0.689111 , 0.727696 , 0.654185 , 0.733010 , 0.676009 , 0.517049 , 0.112439 , 0.098126 , 0.349221 , 0.453677 , 20.000000
0.318063 , 0.569133 , 0.610448 , 0.661230 , 0.750691 , 0.835454 , 0.763278 , 0.513200 , 0.024492 , 0.210889 , 0.126502 , 0.599506 , 30.000000
0.649338 , 0.368840 , 0.661166 , 0.396592 , 0.144362 , 0.105739 , 0.060160 , 0.561678 , 0.232329 , 0.051546 , 0.652357 , 0.080099 , 30.000000
0.466758 , 0.752046 , 0.401209 , 0.296297 , 0.808122 , 0.910441 , 0.840433 , 0.571552 , 0.274100 , 0.019964 , 0.612600 , 0.763539 , 30.000000
0.475007 , 0.759671 , 0.514023 , 0.449940 , 0.902309 , 0.910879 , 0.746556 , 0.450685 , 0.135402 , 0.027453 , 0.556518 , 0.978870 , 30.000000
0.365633 , 0.342404 , 0.675489 , 0.788240 , 0.455871 , 0.438579 , 0.345742 , 0.670765 , 0.235608 , 0.058576 , 0.550654 , 0.183798 , 30.000000
0.541340 , 0.801373 , 0.655923 , 0.334372 , 0.796269 , 0.885468 , 0.807427 , 0.563818 , 0.161171 , 0.275163 , 0.125083 , 0.961966 , 30.000000
0.453345 , 0.286983 , 0.672628 , 0.706935 , 0.288617 , 0.241847 , 0.159986 , 0.650104 , 0.264345 , 0.107286 , 0.529706 , 0.092777 , 30.000000
0.362549 , 0.618874 , 0.525835 , 0.551560 , 0.781849 , 0.850538 , 0.759092 , 0.511847 , 0.159736 , 0.093108 , 0.279637 , 0.501203 , 20.000000
0.474815 , 0.294738 , 0.630485 , 0.433896 , 0.109031 , 0.225148 , 0.310448 , 0.527392 , 0.173844 , 0.038789 , 0.513145 , 0.053768 , 30.000000
0.335925 , 0.161886 , 0.535048 , 0.527993 , 0.114159 , 0.211172 , 0.280155 , 0.490711 , 0.300773 , 0.008377 , 0.840945 , 0.035563 , 10.000000
0.497223 , 0.632193 , 0.631798 , 0.581111 , 0.724974 , 0.693675 , 0.534110 , 0.514467 , 0.160934 , 0.181262 , 0.280205 , 0.605552 , 30.000000
0.273905 , 0.341019 , 0.611425 , 0.847232 , 0.524704 , 0.556762 , 0.489133 , 0.431914 , 0.221857 , 0.015940 , 0.687312 , 0.044145 , 30.000000
0.370697 , 0.181958 , 0.452164 , 0.560379 , 0.267883 , 0.195213 , 0.096946 , 0.486355 , 0.234855 , 0.015515 , 0.693422 , 0.011768 , 30.000000
0.564598 , 0.669040 , 0.671162 , 0.534537 , 0.713922 , 0.659735 , 0.484170 , 0.490448 , 0.299556 , 0.055524 , 0.485336 , 0.207399 , 30.000000
0.374206 , 0.527743 , 0.557125 , 0.684884 , 0.695264 , 0.700800 , 0.576786 , 0.307120 , 0.065309 , 0.055435 , 0.403390 , 0.303036 , 30.000000
0.349131 , 0.399588 , 0.523290 , 0.761097 , 0.593442 , 0.544580 , 0.398135 , 0.503329 , 0.274801 , 0.012176 , 0.736107 , 0.098693 , 30.000000
0.662479 , 0.427628 , 0.530991 , 0.192240 , 0.212043 , 0.175254 , 0.117169 , 0.496156 , 0.210383 , 0.084230 , 0.335126 , 0.009102 , 20.000000
0.293057 , 0.170019 , 0.422069 , 0.595345 , 0.261898 , 0.279358 , 0.254311 , 0.621065 , 0.238663 , 0.033386 , 0.572366 , 0.046096 , 30.000000
0.476718 , 0.784609 , 0.525009 , 0.552623 , 0.890479 , 0.945432 , 0.820596 , 0.547962 , 0.265983 , 0.038649 , 0.576572 , 0.992913 , 30.000000
0.333870 , 0.366191 , 0.498386 , 0.769514 , 0.566193 , 0.515307 , 0.372870 , 0.550999 , 0.371161 , 0.011695 , 0.755047 , 0.076263 , 30.000000
0.334467 , 0.265782 , 0.694993 , 0.728025 , 0.299608 , 0.366377 , 0.372930 , 0.436215 , 0.277546 , 0.020513 , 0.800854 , 0.047591 , 30.000000
0.310051 , 0.589795 , 0.193202 , 0.271921 , 0.824075 , 0.876440 , 0.763242 , 0.666379 , 0.537494 , 0.033430 , 0.519223 , 0.629998 , 30.000000
0.176288 , 0.501206 , 0.316659 , 0.472367 , 0.693510 , 0.921053 , 0.974713 , 0.531007 , 0.241602 , 0.028927 , 0.557201 , 0.638385 , 30.000000
0.298715 , 0.125250 , 0.465877 , 0.724532 , 0.239939 , 0.205889 , 0.144234 , 0.520519 , 0.266453 , 0.006247 , 0.778989 , 0.010532 , 10.000000
0.288831 , 0.519571 , 0.592046 , 0.761549 , 0.705626 , 0.800642 , 0.745956 , 0.588241 , 0.086319 , 0.335506 , 0.138161 , 0.470451 , 30.000000
0.603602 , 0.556145 , 0.598806 , 0.432873 , 0.635521 , 0.442042 , 0.171410 , 0.390558 , 0.244574 , 0.067064 , 0.401944 , 0.054613 , 30.000000
0.247986 , 0.329935 , 0.510387 , 0.773081 , 0.493883 , 0.574379 , 0.551798 , 0.593014 , 0.269626 , 0.022246 , 0.594166 , 0.080034 , 30.000000
0.240500 , 0.231965 , 0.296368 , 0.572235 , 0.417314 , 0.439642 , 0.386407 , 0.574317 , 0.292518 , 0.019063 , 0.687985 , 0.004226 , 30.000000
0.512271 , 0.306900 , 0.725381 , 0.572460 , 0.197514 , 0.194000 , 0.165490 , 0.569958 , 0.287460 , 0.004861 , 0.828726 , 0.080749 , 10.000000
0.263621 , 0.035350 , 0.421482 , 0.600695 , 0.122289 , 0.119242 , 0.106632 , 0.586475 , 0.297556 , 0.005388 , 0.848158 , 0.017424 , 10.000000
0.360978 , 0.629893 , 0.516831 , 0.492217 , 0.660804 , 0.868854 , 0.913698 , 0.775390 , 0.563952 , 0.003597 , 0.888247 , 0.547559 , 30.000000
0.419793 , 0.551928 , 0.671398 , 0.648670 , 0.629843 , 0.676733 , 0.599251 , 0.733967 , 0.457735 , 0.004454 , 0.871099 , 0.164879 , 30.000000
0.363051 , 0.652227 , 0.459943 , 0.528367 , 0.784752 , 0.899090 , 0.843504 , 0.503858 , 0.138157 , 0.091695 , 0.379430 , 0.800143 , 20.000000
0.808467 , 0.996631 , 0.569425 , 0.065473 , 0.780678 , 0.823442 , 0.711534 , 0.489893 , 0.213713 , 0.350626 , 0.095785 , 0.934400 , 30.000000
0.512271 , 0.306900 , 0.725381 , 0.572460 , 0.197514 , 0.194000 , 0.165490 , 0.569958 , 0.287460 , 0.004861 , 0.828726 , 0.080749 , 10.000000
0.528816 , 0.663981 , 0.677544 , 0.508087 , 0.687929 , 0.699168 , 0.581224 , 0.393747 , 0.209957 , 0.071574 , 0.394440 , 0.139848 , 20.000000
0.006771 , 0.007890 , 0.192122 , 0.700964 , 0.341630 , 0.415374 , 0.418825 , 0.738565 , 0.459876 , 0.000000 , 0.974229 , 0.012548 , 10.000000
0.412829 , 0.575015 , 0.723441 , 0.776109 , 0.758243 , 0.719925 , 0.547886 , 0.430414 , 0.148358 , 0.120519 , 0.332062 , 0.487680 , 30.000000
0.333691 , 0.572779 , 0.682338 , 0.812727 , 0.793145 , 0.820351 , 0.693443 , 0.486488 , 0.189792 , 0.064222 , 0.390245 , 0.397763 , 20.000000
0.557766 , 0.759418 , 0.449767 , 0.320355 , 0.839300 , 0.802036 , 0.614112 , 0.734500 , 0.600296 , 0.021868 , 0.699731 , 0.434367 , 20.000000
0.322080 , 0.546170 , 0.466293 , 0.683769 , 0.767380 , 0.796308 , 0.676094 , 0.500094 , 0.182373 , 0.079446 , 0.361379 , 0.405695 , 20.000000
0.492699 , 0.785408 , 0.592804 , 0.293600 , 0.768447 , 0.925665 , 0.907692 , 0.534288 , 0.420968 , 0.044801 , 0.604130 , 0.986997 , 30.000000
0.151264 , 0.107276 , 0.135672 , 0.455394 , 0.445552 , 0.372629 , 0.237490 , 0.528977 , 0.260377 , 0.040541 , 0.561666 , 0.003056 , 30.000000
0.434853 , 0.374957 , 0.645914 , 0.665223 , 0.395223 , 0.395884 , 0.329903 , 0.644844 , 0.397255 , 0.005038 , 0.866142 , 0.068266 , 30.000000
0.451132 , 0.537805 , 0.711424 , 0.551735 , 0.586083 , 0.614822 , 0.531873 , 0.335890 , 0.033349 , 0.136672 , 0.234851 , 0.401144 , 20.000000
0.380983 , 0.245147 , 0.594695 , 0.682474 , 0.332993 , 0.274963 , 0.174951 , 0.456946 , 0.184314 , 0.022133 , 0.628529 , 0.040309 , 30.000000
0.359435 , 0.545909 , 0.572864 , 0.717344 , 0.754404 , 0.746962 , 0.600378 , 0.500024 , 0.066526 , 0.274142 , 0.170560 , 0.569469 , 30.000000
0.465685 , 0.499246 , 0.607117 , 0.601561 , 0.538464 , 0.538856 , 0.443096 , 0.547702 , 0.227131 , 0.092985 , 0.387420 , 0.231844 , 20.000000
0.297985 , 0.435397 , 0.635621 , 0.720110 , 0.579481 , 0.664450 , 0.627774 , 0.636039 , 0.156027 , 0.083303 , 0.387711 , 0.416358 , 30.000000
0.222521 , 0.484767 , 0.407166 , 0.775475 , 0.871455 , 0.836201 , 0.643245 , 0.508093 , 0.109098 , 0.069427 , 0.380589 , 0.682986 , 30.000000
0.408904 , 0.603866 , 0.744271 , 0.771541 , 0.691606 , 0.767637 , 0.700681 , 0.585424 , 0.305270 , 0.052417 , 0.466370 , 0.403420 , 20.000000
0.948180 , 0.733714 , 0.764243 , 0.067652 , 0.376477 , 0.252405 , 0.090671 , 0.534128 , 0.365465 , 0.128783 , 0.277870 , 0.017554 , 30.000000
0.621061 , 0.879081 , 0.611555 , 0.218681 , 0.851459 , 0.895633 , 0.770242 , 0.495408 , 0.140604 , 0.605339 , 0.020334 , 0.976529 , 30.000000
0.327407 , 0.433562 , 0.511419 , 0.730818 , 0.596253 , 0.623180 , 0.536686 , 0.541083 , 0.145331 , 0.205115 , 0.220656 , 0.129966 , 20.000000
0.331261 , 0.132276 , 0.469659 , 0.700716 , 0.266768 , 0.173598 , 0.059188 , 0.570209 , 0.297393 , 0.009852 , 0.758715 , 0.006306 , 30.000000
0.398140 , 0.641884 , 0.505266 , 0.565553 , 0.786795 , 0.837839 , 0.731281 , 0.568895 , 0.342608 , 0.022884 , 0.571405 , 0.400429 , 30.000000
0.587282 , 0.506844 , 0.690448 , 0.540167 , 0.442407 , 0.390692 , 0.273140 , 0.592374 , 0.401433 , 0.014541 , 0.741534 , 0.143099 , 30.000000
0.162311 , 0.022119 , 0.230980 , 0.646928 , 0.330718 , 0.232506 , 0.100870 , 0.583603 , 0.307178 , 0.005658 , 0.795613 , 0.000000 , 10.000000
0.376925 , 0.423268 , 0.531229 , 0.698414 , 0.613253 , 0.543089 , 0.375541 , 0.483208 , 0.167317 , 0.078032 , 0.357247 , 0.152656 , 30.000000
0.354341 , 0.320553 , 0.402784 , 0.572314 , 0.496709 , 0.421139 , 0.273329 , 0.445209 , 0.179251 , 0.063184 , 0.395405 , 0.012093 , 30.000000
0.599773 , 0.507067 , 0.651210 , 0.387563 , 0.394731 , 0.374649 , 0.292204 , 0.588279 , 0.397566 , 0.014946 , 0.717241 , 0.109291 , 30.000000
0.626720 , 0.587031 , 0.655946 , 0.384061 , 0.455083 , 0.457313 , 0.380231 , 0.579993 , 0.392475 , 0.017324 , 0.707709 , 0.131916 , 30.000000
0.600899 , 0.856986 , 0.428849 , 0.187054 , 0.915936 , 0.889460 , 0.694334 , 0.473413 , 0.221216 , 0.036956 , 0.536222 , 0.981146 , 30.000000
0.646261 , 0.751554 , 0.498145 , 0.218620 , 0.765177 , 0.674446 , 0.459116 , 0.306230 , 0.132746 , 0.103914 , 0.289429 , 0.123659 , 20.000000
0.376657 , 0.591649 , 0.736082 , 0.678896 , 0.649784 , 0.791877 , 0.786315 , 0.294622 , 0.201953 , 0.045127 , 0.631493 , 0.398024 , 20.000000
0.369302 , 0.468894 , 0.718046 , 0.808377 , 0.632772 , 0.620399 , 0.494979 , 0.558622 , 0.201317 , 0.211964 , 0.301666 , 0.268708 , 30.000000
0.319660 , 0.631180 , 0.435441 , 0.451756 , 0.752659 , 0.924907 , 0.922197 , 0.439627 , 0.194674 , 0.050290 , 0.480598 , 0.788960 , 20.000000
0.285525 , 0.246547 , 0.528652 , 0.800468 , 0.478963 , 0.402144 , 0.256999 , 0.654813 , 0.218740 , 0.090500 , 0.554359 , 0.078929 , 30.000000
0.363690 , 0.484762 , 0.749621 , 0.856310 , 0.605481 , 0.651167 , 0.577751 , 0.607780 , 0.265426 , 0.040379 , 0.594787 , 0.200637 , 20.000000
0.381728 , 0.430407 , 0.635920 , 0.755824 , 0.580596 , 0.547327 , 0.415987 , 0.466130 , 0.219249 , 0.053990 , 0.482094 , 0.161498 , 30.000000
0.343535 , 0.570324 , 0.597565 , 0.794916 , 0.798048 , 0.803826 , 0.658791 , 0.499531 , 0.108481 , 0.088122 , 0.352788 , 0.490995 , 30.000000
0.376137 , 0.465525 , 0.697894 , 0.813919 , 0.618909 , 0.606469 , 0.483858 , 0.568628 , 0.314913 , 0.010819 , 0.756673 , 0.180027 , 30.000000
0.430684 , 0.699670 , 0.579496 , 0.433747 , 0.764835 , 0.880445 , 0.829987 , 0.614393 , 0.106847 , 0.521712 , 0.032425 , 0.753527 , 30.000000
0.472897 , 0.589408 , 0.710765 , 0.608038 , 0.669461 , 0.662432 , 0.533709 , 0.499104 , 0.212893 , 0.058216 , 0.432285 , 0.306807 , 20.000000
0.558465 , 0.829027 , 0.603816 , 0.226357 , 0.702523 , 0.903824 , 0.934666 , 0.407104 , 0.351735 , 0.086377 , 0.545616 , 0.975229 , 20.000000
0.214941 , 0.062988 , 0.482052 , 0.723230 , 0.217107 , 0.223824 , 0.199442 , 0.639136 , 0.292840 , 0.008220 , 0.745445 , 0.040570 , 30.000000
0.323808 , 0.208011 , 0.441131 , 0.631382 , 0.288232 , 0.295108 , 0.256173 , 0.602950 , 0.340546 , 0.006640 , 0.813469 , 0.029842 , 30.000000
0.187628 , 0.035538 , 0.363226 , 0.600708 , 0.167937 , 0.219122 , 0.240404 , 0.659411 , 0.341220 , 0.004059 , 0.832989 , 0.030557 , 10.000000
0.245263 , 0.171334 , 0.399060 , 0.657053 , 0.397734 , 0.343942 , 0.233952 , 0.641719 , 0.261349 , 0.020197 , 0.685929 , 0.064495 , 30.000000
0.249137 , 0.411907 , 0.622441 , 0.859106 , 0.606369 , 0.693815 , 0.653569 , 0.605724 , 0.190299 , 0.123657 , 0.295190 , 0.226188 , 20.000000
0.736573 , 0.972659 , 0.639799 , 0.224508 , 0.905031 , 0.882304 , 0.692424 , 0.407370 , 0.084764 , 0.488540 , 0.052656 , 0.978090 , 30.000000
0.390520 , 0.276119 , 0.705514 , 0.768056 , 0.252682 , 0.308161 , 0.315382 , 0.612697 , 0.326477 , 0.002628 , 0.912419 , 0.039984 , 10.000000
0.302692 , 0.532824 , 0.501610 , 0.696445 , 0.769143 , 0.802029 , 0.684611 , 0.513765 , 0.118956 , 0.165762 , 0.306501 , 0.618620 , 30.000000
0.392734 , 0.462768 , 0.766426 , 0.740152 , 0.556203 , 0.580648 , 0.500439 , 0.326764 , 0.050776 , 0.076803 , 0.353814 , 0.177817 , 30.000000
0.401060 , 0.696177 , 0.441033 , 0.356622 , 0.854300 , 0.914118 , 0.800634 , 0.461937 , 0.187432 , 0.054979 , 0.414510 , 0.948963 , 30.000000
0.292837 , 0.412007 , 0.356202 , 0.473160 , 0.581961 , 0.636686 , 0.575343 , 0.531850 , 0.256903 , 0.038897 , 0.497172 , 0.069631 , 30.000000
0.744836 , 0.936206 , 0.558542 , 0.114502 , 0.768624 , 0.817689 , 0.713299 , 0.436718 , 0.156576 , 0.409219 , 0.070064 , 0.874195 , 30.000000
0.677862 , 0.918080 , 0.498245 , 0.181054 , 0.919245 , 0.878726 , 0.671701 , 0.490480 , 0.169698 , 0.320202 , 0.098931 , 0.974969 , 30.000000
0.303557 , 0.195338 , 0.568730 , 0.657706 , 0.272356 , 0.302953 , 0.286240 , 0.611415 , 0.197386 , 0.045964 , 0.564740 , 0.062155 , 30.000000
0.253614 , 0.403918 , 0.431725 , 0.699648 , 0.675029 , 0.676159 , 0.552803 , 0.680334 , 0.218715 , 0.146713 , 0.262757 , 0.396983 , 30.000000
0.412575 , 0.539040 , 0.572229 , 0.426304 , 0.520981 , 0.667180 , 0.691481 , 0.293967 , 0.225677 , 0.077627 , 0.428659 , 0.188934 , 30.000000
0.397915 , 0.533369 , 0.479755 , 0.618867 , 0.720587 , 0.678026 , 0.510372 , 0.477201 , 0.201040 , 0.045969 , 0.513069 , 0.188414 , 20.000000
0.532997 , 0.686014 , 0.729193 , 0.647095 , 0.774409 , 0.726197 , 0.542921 , 0.551610 , 0.202980 , 0.208565 , 0.245752 , 0.424420 , 30.000000
0.610367 , 0.633516 , 0.627858 , 0.465791 , 0.627660 , 0.547331 , 0.368692 , 0.461828 , 0.262245 , 0.058750 , 0.453449 , 0.165334 , 30.000000
0.252305 , 0.218943 , 0.340010 , 0.584477 , 0.386973 , 0.404956 , 0.354513 , 0.585281 , 0.312329 , 0.021627 , 0.697762 , 0.007737 , 30.000000
0.282692 , 0.396021 , 0.682895 , 0.883752 , 0.601901 , 0.626396 , 0.536795 , 0.456398 , 0.211845 , 0.015304 , 0.664852 , 0.163839 , 30.000000
0.059884 , 0.277216 , 0.010114 , 0.325081 , 0.665502 , 0.743135 , 0.682847 , 0.958350 , 0.840381 , 0.004304 , 0.884330 , 0.049802 , 30.000000
0.368891 , 0.658173 , 0.618419 , 0.605632 , 0.722192 , 0.900209 , 0.908395 , 0.388396 , 0.074938 , 0.070813 , 0.338647 , 0.732722 , 20.000000
0.228787 , 0.307158 , 0.651988 , 0.861082 , 0.449607 , 0.565936 , 0.581114 , 0.467545 , 0.210340 , 0.022128 , 0.651778 , 0.067681 , 20.000000
0.339784 , 0.266053 , 0.475472 , 0.691424 , 0.419136 , 0.359807 , 0.240979 , 0.533542 , 0.151001 , 0.069454 , 0.510431 , 0.050647 , 30.000000
0.736465 , 0.932777 , 0.612923 , 0.155250 , 0.795254 , 0.823602 , 0.697170 , 0.433493 , 0.140478 , 0.513600 , 0.060675 , 0.863468 , 30.000000
0.414343 , 0.623977 , 0.578130 , 0.601451 , 0.670060 , 0.790181 , 0.762886 , 0.552803 , 0.307308 , 0.039893 , 0.495901 , 0.255120 , 30.000000
0.361358 , 0.467522 , 0.383179 , 0.555193 , 0.577766 , 0.628786 , 0.565351 , 0.577486 , 0.287486 , 0.012777 , 0.716699 , 0.058579 , 30.000000
0.268738 , 0.393391 , 0.412778 , 0.716308 , 0.615644 , 0.640805 , 0.548899 , 0.460070 , 0.231011 , 0.013439 , 0.684579 , 0.107600 , 30.000000
0.234759 , 0.497277 , 0.572038 , 0.806059 , 0.761604 , 0.838619 , 0.758002 , 0.514294 , 0.105628 , 0.098148 , 0.288954 , 0.628828 , 30.000000
0.567420 , 0.804630 , 0.708484 , 0.367352 , 0.734096 , 0.856091 , 0.817076 , 0.364459 , 0.113698 , 0.123611 , 0.302694 , 0.771016 , 30.000000
0.316620 , 0.412026 , 0.521964 , 0.729797 , 0.622547 , 0.605542 , 0.478533 , 0.579204 , 0.113905 , 0.270807 , 0.229130 , 0.362330 , 30.000000
0.348273 , 0.380721 , 0.502830 , 0.717676 , 0.547003 , 0.517867 , 0.396763 , 0.495165 , 0.287512 , 0.010642 , 0.745976 , 0.049672 , 30.000000
0.379177 , 0.677774 , 0.341641 , 0.361267 , 0.812631 , 0.915647 , 0.845265 , 0.484460 , 0.221424 , 0.047932 , 0.498094 , 0.931409 , 20.000000
0.516370 , 0.773472 , 0.544274 , 0.323815 , 0.754818 , 0.877028 , 0.833909 , 0.547019 , 0.312906 , 0.037474 , 0.535097 , 0.799558 , 20.000000
0.329975 , 0.333533 , 0.519642 , 0.736063 , 0.474656 , 0.472227 , 0.387384 , 0.543671 , 0.258769 , 0.020899 , 0.607589 , 0.060464 , 30.000000
0.335969 , 0.234265 , 0.257090 , 0.366502 , 0.269825 , 0.317905 , 0.315678 , 0.588056 , 0.282907 , 0.023060 , 0.649992 , 0.007802 , 30.000000
0.257815 , 0.588857 , 0.626139 , 0.746146 , 0.776960 , 0.943522 , 0.931255 , 0.510855 , 0.118033 , 0.055659 , 0.414801 , 0.626032 , 20.000000
0.513385 , 0.787689 , 0.560936 , 0.445363 , 0.847631 , 0.901917 , 0.785392 , 0.534624 , 0.244195 , 0.013056 , 0.734667 , 0.703205 , 20.000000
0.378864 , 0.350166 , 0.456311 , 0.600979 , 0.500949 , 0.432691 , 0.289844 , 0.409791 , 0.136639 , 0.072101 , 0.382479 , 0.038879 , 30.000000
0.377346 , 0.325684 , 0.554041 , 0.704970 , 0.425879 , 0.398558 , 0.303902 , 0.480039 , 0.198188 , 0.058032 , 0.441235 , 0.063520 , 30.000000
0.452651 , 0.768645 , 0.485291 , 0.316374 , 0.819092 , 0.953422 , 0.906717 , 0.869738 , 0.627855 , 0.000275 , 1.000000 , 0.999285 , 30.000000
0.552619 , 0.361926 , 0.702968 , 0.466241 , 0.254308 , 0.222305 , 0.159320 , 0.588028 , 0.247751 , 0.046172 , 0.553964 , 0.076718 , 30.000000
0.409993 , 0.281531 , 0.577993 , 0.712059 , 0.320172 , 0.290623 , 0.216004 , 0.495811 , 0.308055 , 0.008748 , 0.781667 , 0.007867 , 10.000000
0.201276 , 0.367168 , 0.085906 , 0.255434 , 0.624788 , 0.690536 , 0.629158 , 0.750343 , 0.516115 , 0.013925 , 0.676104 , 0.020870 , 30.000000
0.339291 , 0.447153 , 0.720391 , 0.771164 , 0.556377 , 0.627656 , 0.584816 , 0.710075 , 0.340971 , 0.041712 , 0.549082 , 0.377414 , 30.000000
0.269364 , 0.406058 , 0.606794 , 0.896840 , 0.639571 , 0.658675 , 0.556993 , 0.810139 , 0.369091 , 0.038939 , 0.589716 , 0.227553 , 20.000000
0.619017 , 0.496203 , 0.659515 , 0.319751 , 0.306331 , 0.333397 , 0.306852 , 0.492318 , 0.224091 , 0.034615 , 0.555596 , 0.068591 , 30.000000
0.560458 , 0.649409 , 0.612148 , 0.420971 , 0.596576 , 0.636196 , 0.559774 , 0.308326 , 0.059396 , 0.108584 , 0.296509 , 0.417918 , 20.000000
0.205749 , 0.249316 , 0.422871 , 0.608679 , 0.394420 , 0.510789 , 0.537387 , 0.534916 , 0.234989 , 0.030279 , 0.524865 , 0.031337 , 30.000000
0.315090 , 0.161813 , 0.352878 , 0.570813 , 0.295556 , 0.238373 , 0.146764 , 0.512952 , 0.237486 , 0.018914 , 0.657727 , 0.001430 , 30.000000
0.272790 , 0.438520 , 0.547977 , 0.839420 , 0.692908 , 0.702080 , 0.581457 , 0.557190 , 0.412981 , 0.015270 , 0.727298 , 0.207269 , 20.000000
0.230882 , 0.150198 , 0.511960 , 0.861536 , 0.359479 , 0.331605 , 0.250210 , 0.585363 , 0.269586 , 0.017903 , 0.697154 , 0.028282 , 30.000000
0.631045 , 0.492101 , 0.701913 , 0.447169 , 0.334983 , 0.311580 , 0.238812 , 0.247732 , 0.055746 , 0.120426 , 0.251624 , 0.040700 , 20.000000
0.301533 , 0.296112 , 0.590684 , 0.668805 , 0.364071 , 0.454292 , 0.466271 , 0.634019 , 0.137147 , 0.063756 , 0.447162 , 0.169950 , 30.000000
0.373998 , 0.567101 , 0.582265 , 0.747572 , 0.792787 , 0.759143 , 0.583710 , 0.384777 , 0.115086 , 0.078977 , 0.351298 , 0.318575 , 20.000000
0.188803 , 0.235559 , 0.286121 , 0.619824 , 0.482943 , 0.512702 , 0.451857 , 0.386136 , 0.172178 , 0.033168 , 0.544713 , 0.002471 , 30.000000
0.309612 , 0.388285 , 0.663446 , 0.776070 , 0.464516 , 0.579699 , 0.590884 , 0.638397 , 0.379180 , 0.013410 , 0.714438 , 0.076913 , 30.000000
0.350452 , 0.198234 , 0.463578 , 0.679239 , 0.327596 , 0.245761 , 0.127850 , 0.531140 , 0.311450 , 0.005847 , 0.804091 , 0.000780 , 10.000000
0.479613 , 0.723477 , 0.651194 , 0.554766 , 0.775198 , 0.851440 , 0.767400 , 0.583921 , 0.348022 , 0.051276 , 0.461287 , 0.482283 , 30.000000
0.445307 , 0.393737 , 0.578783 , 0.596842 , 0.421818 , 0.409891 , 0.328368 , 0.354702 , 0.108463 , 0.078388 , 0.412133 , 0.032118 , 30.000000
0.578811 , 0.846501 , 0.601503 , 0.269783 , 0.744902 , 0.902939 , 0.890480 , 0.576265 , 0.278554 , 0.029202 , 0.588250 , 0.965152 , 20.000000
0.388082 , 0.465959 , 0.678365 , 0.844330 , 0.610681 , 0.591455 , 0.465121 , 0.516856 , 0.298824 , 0.018469 , 0.675728 , 0.137182 , 30.000000
0.202377 , 0.087607 , 0.310642 , 0.630435 , 0.260315 , 0.276617 , 0.250972 , 0.649716 , 0.339140 , 0.012298 , 0.705903 , 0.010077 , 30.000000
0.390169 , 0.572747 , 0.689451 , 0.799266 , 0.748608 , 0.746280 , 0.604975 , 0.534371 , 0.202833 , 0.090387 , 0.365020 , 0.393017 , 30.000000
0.174534 , 0.237199 , 0.503135 , 0.791118 , 0.437332 , 0.533824 , 0.535690 , 0.614657 , 0.270553 , 0.023909 , 0.612754 , 0.045251 , 30.000000
0.385854 , 0.543304 , 0.758268 , 0.802323 , 0.640243 , 0.708493 , 0.645924 , 0.597205 , 0.392795 , 0.025046 , 0.639706 , 0.274755 , 20.000000
0.432774 , 0.688296 , 0.571487 , 0.519714 , 0.821587 , 0.860925 , 0.737836 , 0.276777 , 0.039344 , 0.082299 , 0.297837 , 0.735193 , 20.000000
0.330146 , 0.429561 , 0.666381 , 0.854652 , 0.602724 , 0.613687 , 0.513107 , 0.502348 , 0.212848 , 0.121268 , 0.279949 , 0.192640 , 20.000000
0.063180 , 0.208846 , 0.283290 , 0.880575 , 0.605631 , 0.637940 , 0.553810 , 0.765157 , 0.332895 , 0.075505 , 0.492239 , 0.208634 , 30.000000
0.303149 , 0.569860 , 0.511533 , 0.512955 , 0.671000 , 0.856074 , 0.880462 , 0.307164 , 0.169595 , 0.174514 , 0.324193 , 0.553475 , 20.000000
0.341839 , 0.455823 , 0.632184 , 0.742556 , 0.549028 , 0.637109 , 0.609204 , 0.614183 , 0.365755 , 0.014978 , 0.711274 , 0.095442 , 30.000000
0.368622 , 0.590231 , 0.570965 , 0.529766 , 0.738715 , 0.800317 , 0.712114 , 0.685039 , 0.212148 , 0.118264 , 0.337424 , 0.538912 , 30.000000
0.462364 , 0.733618 , 0.397923 , 0.137667 , 0.803663 , 0.889011 , 0.806368 , 0.753872 , 0.519979 , 0.016676 , 0.699897 , 0.987907 , 30.000000
0.243349 , 0.184129 , 0.472341 , 0.733074 , 0.341775 , 0.365329 , 0.328663 , 0.560854 , 0.225730 , 0.034642 , 0.523380 , 0.040374 , 30.000000
0.251986 , 0.285421 , 0.470252 , 0.599162 , 0.405899 , 0.503459 , 0.512666 , 0.452771 , 0.168238 , 0.038367 , 0.455879 , 0.038099 , 30.000000
0.388763 , 0.381563 , 0.708375 , 0.829124 , 0.440381 , 0.466041 , 0.410706 , 0.540114 , 0.204465 , 0.062404 , 0.496171 , 0.132176 , 30.000000
0.204480 , 0.526883 , 0.362620 , 0.490352 , 0.755879 , 0.921987 , 0.913708 , 0.426113 , 0.287346 , 0.138363 , 0.358815 , 0.824849 , 30.000000
0.300618 , 0.378674 , 0.485415 , 0.770852 , 0.601621 , 0.577307 , 0.448781 , 0.453220 , 0.137634 , 0.042524 , 0.474395 , 0.108511 , 30.000000
0.435036 , 0.749172 , 0.833642 , 0.767251 , 0.914316 , 0.947778 , 0.800858 , 0.584223 , 0.059092 , 0.374543 , 0.078247 , 0.931474 , 30.000000
0.382134 , 0.148592 , 0.401186 , 0.524182 , 0.243942 , 0.130992 , 0.005496 , 0.517131 , 0.251121 , 0.008922 , 0.768502 , 0.004551 , 10.000000
0.298297 , 0.278341 , 0.534358 , 0.643473 , 0.354374 , 0.432315 , 0.436486 , 0.591635 , 0.157590 , 0.047311 , 0.557922 , 0.107145 , 30.000000
0.263936 , 0.515610 , 0.449617 , 0.518661 , 0.675429 , 0.827427 , 0.824484 , 0.535624 , 0.186674 , 0.108586 , 0.312460 , 0.403745 , 20.000000
0.474467 , 0.716079 , 0.515735 , 0.556096 , 0.881080 , 0.847269 , 0.653479 , 0.488560 , 0.223605 , 0.079293 , 0.354368 , 0.546193 , 20.000000
0.427908 , 0.717723 , 0.510002 , 0.433451 , 0.909275 , 0.910720 , 0.739269 , 0.567850 , 0.087471 , 0.292091 , 0.111413 , 0.878096 , 30.000000
0.272207 , 0.425019 , 0.661305 , 0.886622 , 0.615150 , 0.682925 , 0.625155 , 0.652374 , 0.385908 , 0.019247 , 0.704291 , 0.120343 , 20.000000
0.614054 , 0.728782 , 0.633825 , 0.364183 , 0.766955 , 0.683060 , 0.472823 , 0.386480 , 0.059597 , 0.280703 , 0.105053 , 0.093557 , 30.000000
0.515468 , 0.263946 , 0.591914 , 0.425883 , 0.127787 , 0.126434 , 0.114041 , 0.551700 , 0.192967 , 0.023370 , 0.607444 , 0.039659 , 30.000000
0.337922 , 0.637511 , 0.435245 , 0.399667 , 0.680868 , 0.910314 , 0.968104 , 0.884068 , 0.747259 , 0.001943 , 0.933574 , 0.694103 , 30.000000
0.333732 , 0.596858 , 0.426012 , 0.365960 , 0.777553 , 0.855824 , 0.772919 , 0.560698 , 0.305197 , 0.046624 , 0.463670 , 0.577011 , 30.000000
0.450405 , 0.394379 , 0.692327 , 0.578098 , 0.411256 , 0.404157 , 0.328669 , 0.623465 , 0.330102 , 0.011540 , 0.744336 , 0.116767 , 30.000000
0.328379 , 0.553710 , 0.637542 , 0.724101 , 0.773987 , 0.799178 , 0.674614 , 0.587538 , 0.062366 , 0.236064 , 0.164711 , 0.562252 , 30.000000
0.241867 , 0.063975 , 0.449140 , 0.602461 , 0.142102 , 0.189990 , 0.213971 , 0.626574 , 0.323363 , 0.002235 , 0.862868 , 0.029257 , 10.000000
0.630610 , 0.875010 , 0.669163 , 0.232117 , 0.814625 , 0.877112 , 0.773949 , 0.524460 , 0.164749 , 0.357038 , 0.093570 , 0.964242 , 30.000000
0.570633 , 0.847540 , 0.469336 , 0.188685 , 0.904177 , 0.915190 , 0.752433 , 0.528652 , 0.294291 , 0.049834 , 0.469178 , 0.992003 , 30.000000
0.452779 , 0.443906 , 0.683658 , 0.614168 , 0.450775 , 0.474120 , 0.414791 , 0.522224 , 0.227123 , 0.062797 , 0.454794 , 0.136142 , 30.000000
0.163424 , 0.164894 , 0.397387 , 0.687076 , 0.383342 , 0.441704 , 0.424259 , 0.501831 , 0.193742 , 0.019242 , 0.649681 , 0.023666 , 30.000000
0.322170 , 0.208867 , 0.473850 , 0.692345 , 0.351841 , 0.298518 , 0.198375 , 0.697968 , 0.294842 , 0.034922 , 0.615881 , 0.050387 , 30.000000
0.367293 , 0.331254 , 0.466472 , 0.627994 , 0.485408 , 0.419953 , 0.282554 , 0.441754 , 0.085603 , 0.092333 , 0.380911 , 0.105520 , 30.000000
0.410786 , 0.283646 , 0.597934 , 0.620313 , 0.282646 , 0.292705 , 0.257464 , 0.464563 , 0.187081 , 0.037633 , 0.535138 , 0.037969 , 30.000000
0.328798 , 0.340212 , 0.516085 , 0.763419 , 0.497513 , 0.483624 , 0.384912 , 0.543044 , 0.313096 , 0.017716 , 0.699855 , 0.022365 , 30.000000
0.352494 , 0.482513 , 0.663893 , 0.746621 , 0.595279 , 0.662523 , 0.608431 , 0.516519 , 0.125507 , 0.201925 , 0.310097 , 0.377284 , 20.000000
0.570312 , 0.784792 , 0.492928 , 0.186423 , 0.804495 , 0.823030 , 0.686854 , 0.493343 , 0.235965 , 0.106363 , 0.305922 , 0.662441 , 20.000000
0.293941 , 0.340295 , 0.525290 , 0.848180 , 0.598635 , 0.529432 , 0.365669 , 0.522729 , 0.249165 , 0.031793 , 0.531196 , 0.136337 , 30.000000
0.350350 , 0.228728 , 0.374038 , 0.558526 , 0.414210 , 0.290887 , 0.121965 , 0.566014 , 0.217371 , 0.036134 , 0.563308 , 0.019895 , 30.000000
0.295624 , 0.501579 , 0.646369 , 0.779983 , 0.629258 , 0.765193 , 0.758950 , 0.587986 , 0.258959 , 0.038583 , 0.524250 , 0.379169 , 20.000000
0.584086 , 0.860780 , 0.691127 , 0.305521 , 0.828141 , 0.917093 , 0.832278 , 0.413636 , 0.158561 , 0.084240 , 0.369445 , 0.983941 , 30.000000
0.631647 , 0.886405 , 0.719197 , 0.271167 , 0.834272 , 0.892565 , 0.781998 , 0.546593 , 0.228092 , 0.066266 , 0.412082 , 0.792991 , 30.000000
0.327079 , 0.484797 , 0.653266 , 0.860796 , 0.775134 , 0.699204 , 0.493641 , 0.542565 , 0.116996 , 0.252279 , 0.209693 , 0.420844 , 30.000000
0.081721 , 0.045024 , 0.300692 , 0.722755 , 0.325563 , 0.371928 , 0.356828 , 0.679460 , 0.353370 , 0.008637 , 0.832540 , 0.020415 , 30.000000
0.541561 , 0.815564 , 0.493728 , 0.283223 , 0.918257 , 0.906115 , 0.721959 , 0.464773 , 0.179804 , 0.020663 , 0.638707 , 0.967687 , 30.000000
0.356531 , 0.301533 , 0.418969 , 0.630360 , 0.482053 , 0.390206 , 0.232421 , 0.468144 , 0.199327 , 0.060696 , 0.401621 , 0.031142 , 30.000000
0.225477 , 0.018431 , 0.470502 , 0.642088 , 0.094580 , 0.144274 , 0.179507 , 0.609934 , 0.308290 , 0.003430 , 0.849806 , 0.031988 , 10.000000
0.376985 , 0.556654 , 0.500683 , 0.651075 , 0.770998 , 0.739814 , 0.570842 , 0.419483 , 0.178763 , 0.058841 , 0.414625 , 0.239776 , 20.000000
0.353044 , 0.564182 , 0.598893 , 0.598058 , 0.643439 , 0.782300 , 0.775467 , 0.563951 , 0.198905 , 0.055556 , 0.448134 , 0.385801 , 20.000000
0.455909 , 0.749204 , 0.359710 , 0.162594 , 0.785287 , 0.920468 , 0.881419 , 0.623844 , 0.398501 , 0.076526 , 0.436196 , 0.928938 , 20.000000
0.418410 , 0.604717 , 0.660404 , 0.659375 , 0.747085 , 0.756433 , 0.624769 , 0.292641 , 0.030743 , 0.071647 , 0.380692 , 0.427475 , 30.000000
0.254067 , 0.309271 , 0.664295 , 0.878838 , 0.434068 , 0.535920 , 0.542741 , 0.518294 , 0.258935 , 0.012892 , 0.716657 , 0.031988 , 30.000000
0.340263 , 0.203306 , 0.667613 , 0.684936 , 0.222762 , 0.266599 , 0.270697 , 0.365609 , 0.221846 , 0.125787 , 0.591294 , 0.064430 , 30.000000
0.339791 , 0.534499 , 0.310192 , 0.172407 , 0.729510 , 0.755874 , 0.641428 , 0.643790 , 0.410841 , 0.047713 , 0.458136 , 0.191210 , 30.000000
0.462856 , 0.639477 , 0.673538 , 0.684098 , 0.721918 , 0.749466 , 0.637531 , 0.571490 , 0.201847 , 0.151191 , 0.294934 , 0.375073 , 20.000000
0.339213 , 0.651209 , 0.616349 , 0.765488 , 0.854704 , 0.928831 , 0.826692 , 0.401836 , 0.030791 , 0.100563 , 0.315654 , 0.797412 , 30.000000
0.259336 , 0.344348 , 0.629693 , 0.890588 , 0.562143 , 0.580768 , 0.494684 , 0.565097 , 0.112738 , 0.063310 , 0.430965 , 0.213640 , 30.000000
0.215666 , 0.222334 , 0.362469 , 0.719245 , 0.530351 , 0.457980 , 0.305781 , 0.555987 , 0.161782 , 0.064137 , 0.486447 , 0.079644 , 30.000000
0.416085 , 0.632432 , 0.580097 , 0.568419 , 0.697239 , 0.800374 , 0.753903 , 0.413567 , 0.108402 , 0.132768 , 0.247095 , 0.472921 , 20.000000
0.193628 , 0.327698 , 0.514958 , 0.839866 , 0.588440 , 0.642325 , 0.578975 , 0.460479 , 0.180344 , 0.061170 , 0.390817 , 0.176256 , 30.000000
0.342505 , 0.392344 , 0.544498 , 0.727778 , 0.529357 , 0.542577 , 0.458941 , 0.664241 , 0.435537 , 0.004297 , 0.857906 , 0.085950 , 30.000000
0.321031 , 0.177246 , 0.375850 , 0.631983 , 0.371988 , 0.253357 , 0.096896 , 0.599999 , 0.274093 , 0.014374 , 0.659832 , 0.013913 , 30.000000
0.120716 , 0.080904 , 0.393046 , 0.787206 , 0.335111 , 0.373758 , 0.350522 , 0.758731 , 0.353757 , 0.027463 , 0.738016 , 0.047266 , 30.000000
0.331348 , 0.251381 , 0.428953 , 0.611192 , 0.310239 , 0.349217 , 0.331379 , 0.485747 , 0.192366 , 0.025504 , 0.614555 , 0.033743 , 30.000000
0.503197 , 0.760405 , 0.574428 , 0.563158 , 0.927419 , 0.875015 , 0.656811 , 0.419718 , 0.097559 , 0.161728 , 0.200575 , 0.728886 , 30.000000
0.419436 , 0.739960 , 0.293933 , 0.273863 , 0.866607 , 0.954633 , 0.861138 , 0.603150 , 0.359174 , 0.033307 , 0.557097 , 0.889019 , 20.000000
0.291953 , 0.330268 , 0.586775 , 0.823246 , 0.507914 , 0.517243 , 0.434927 , 0.559881 , 0.296751 , 0.007928 , 0.802608 , 0.079189 , 30.000000
0.372492 , 0.238225 , 0.644132 , 0.776297 , 0.280989 , 0.275879 , 0.228866 , 0.624961 , 0.358651 , 0.010281 , 0.732384 , 0.027436 , 30.000000
0.246983 , 0.540704 , 0.523114 , 0.739017 , 0.870404 , 0.886672 , 0.735083 , 0.506209 , 0.109589 , 0.066676 , 0.424422 , 0.664326 , 20.000000
0.272325 , 0.332331 , 0.442699 , 0.794997 , 0.532713 , 0.546013 , 0.461750 , 0.565170 , 0.347440 , 0.015574 , 0.677668 , 0.075743 , 30.000000
0.442766 , 0.262626 , 0.645499 , 0.527461 , 0.223682 , 0.219775 , 0.185550 , 0.467027 , 0.182566 , 0.028005 , 0.584666 , 0.058124 , 30.000000
0.529396 , 0.643873 , 0.791340 , 0.558754 , 0.593641 , 0.668740 , 0.621259 , 0.530757 , 0.114377 , 0.301776 , 0.229673 , 0.434107 , 30.000000
0.336956 , 0.188566 , 0.398901 , 0.590811 , 0.330212 , 0.249186 , 0.131381 , 0.497045 , 0.242724 , 0.016965 , 0.652345 , 0.006632 , 30.000000
0.385669 , 0.189064 , 0.533507 , 0.683556 , 0.281752 , 0.186073 , 0.066568 , 0.632999 , 0.278348 , 0.015599 , 0.714720 , 0.015929 , 30.000000
0.251609 , 0.583164 , 0.568812 , 0.822560 , 0.859493 , 0.943256 , 0.847826 , 0.710074 , 0.493394 , 0.009869 , 0.801059 , 0.646902 , 30.000000
0.325718 , 0.300702 , 0.618655 , 0.702854 , 0.341358 , 0.429366 , 0.444264 , 0.668395 , 0.413419 , 0.003715 , 0.845077 , 0.081854 , 30.000000
0.541604 , 0.275049 , 0.633725 , 0.505461 , 0.166959 , 0.108560 , 0.042522 , 0.552695 , 0.255224 , 0.003656 , 0.845406 , 0.045901 , 10.000000
0.210127 , 0.248356 , 0.445205 , 0.845375 , 0.483965 , 0.503635 , 0.434520 , 0.561101 , 0.286333 , 0.030805 , 0.601182 , 0.091802 , 30.000000
0.108517 , 0.168289 , 0.066166 , 0.443022 , 0.490236 , 0.518677 , 0.455274 , 0.702019 , 0.435872 , 0.015957 , 0.754609 , 0.004941 , 30.000000
0.747693 , 0.987185 , 0.591682 , 0.089167 , 0.903980 , 0.889160 , 0.705811 , 0.714336 , 0.444927 , 0.008635 , 0.800218 , 0.996229 , 30.000000
0.114749 , 0.169537 , 0.183891 , 0.549493 , 0.447780 , 0.512351 , 0.486567 , 0.584552 , 0.317395 , 0.024889 , 0.665056 , 0.013263 , 30.000000
0.278009 , 0.518914 , 0.463430 , 0.771102 , 0.798447 , 0.813858 , 0.676435 , 0.500227 , 0.059612 , 0.133433 , 0.208117 , 0.527859 , 30.000000
0.556205 , 0.767819 , 0.757232 , 0.483054 , 0.795649 , 0.816478 , 0.683960 , 0.374603 , 0.022823 , 0.190859 , 0.166898 , 0.528964 , 30.000000
0.450222 , 0.384052 , 0.569885 , 0.588201 , 0.415856 , 0.389160 , 0.297070 , 0.433319 , 0.175157 , 0.023792 , 0.627274 , 0.136922 , 30.000000
0.325540 , 0.383158 , 0.464452 , 0.722042 , 0.550289 , 0.551259 , 0.453521 , 0.425682 , 0.192063 , 0.041449 , 0.483751 , 0.098368 , 30.000000
0.356834 , 0.520214 , 0.566527 , 0.757714 , 0.756947 , 0.712461 , 0.535764 , 0.488438 , 0.108972 , 0.180526 , 0.202680 , 0.398219 , 30.000000
0.642867 , 0.782456 , 0.629973 , 0.396774 , 0.792378 , 0.724487 , 0.521786 , 0.518596 , 0.467846 , 0.034544 , 0.556850 , 0.299330 , 30.000000
0.306348 , 0.424102 , 0.787929 , 0.893669 , 0.578694 , 0.636823 , 0.578874 , 0.701208 , 0.332995 , 0.041785 , 0.609621 , 0.256810 , 30.000000
0.202377 , 0.087607 , 0.310642 , 0.630435 , 0.260315 , 0.276617 , 0.250972 , 0.649716 , 0.339140 , 0.012298 , 0.705903 , 0.010077 , 30.000000
0.291322 , 0.226330 , 0.561357 , 0.685007 , 0.292228 , 0.364716 , 0.377359 , 0.542973 , 0.267646 , 0.020641 , 0.645041 , 0.054613 , 30.000000
0.509827 , 0.802746 , 0.624142 , 0.360110 , 0.843261 , 0.928798 , 0.838134 , 0.620861 , 0.276740 , 0.057636 , 0.430475 , 0.968923 , 30.000000
0.253507 , 0.221549 , 0.416527 , 0.729102 , 0.430928 , 0.407226 , 0.314418 , 0.694617 , 0.264017 , 0.091567 , 0.521033 , 0.087511 , 30.000000
0.541845 , 0.454816 , 0.554853 , 0.403681 , 0.338017 , 0.373480 , 0.347102 , 0.604299 , 0.220341 , 0.050768 , 0.506331 , 0.162928 , 20.000000
0.405054 , 0.460081 , 0.676188 , 0.782107 , 0.550742 , 0.560536 , 0.469752 , 0.621119 , 0.436884 , 0.005619 , 0.841578 , 0.095898 , 10.000000
0.433752 , 0.563732 , 0.569743 , 0.487393 , 0.662065 , 0.675855 , 0.565286 , 0.476990 , 0.137850 , 0.125540 , 0.276904 , 0.289123 , 30.000000
0.249137 , 0.411907 , 0.622441 , 0.859106 , 0.606369 , 0.693815 , 0.653569 , 0.605724 , 0.190299 , 0.123657 , 0.295190 , 0.226188 , 20.000000
0.228989 , 0.521036 , 0.478280 , 0.787664 , 0.808718 , 0.881237 , 0.787306 , 0.530963 , 0.095328 , 0.069677 , 0.365626 , 0.578701 , 20.000000
0.402333 , 0.628563 , 0.594538 , 0.562750 , 0.721868 , 0.812688 , 0.751298 , 0.612668 , 0.235766 , 0.112346 , 0.326021 , 0.391977 , 30.000000
0.171785 , 0.479768 , 0.337478 , 0.486759 , 0.629233 , 0.895323 , 0.993037 , 0.335610 , 0.196965 , 0.042389 , 0.552652 , 0.535856 , 30.000000
0.380343 , 0.430380 , 0.630075 , 0.797357 , 0.557253 , 0.549103 , 0.442643 , 0.533649 , 0.389722 , 0.008907 , 0.770664 , 0.053378 , 30.000000
0.146012 , 0.488679 , 0.541811 , 0.895841 , 0.811647 , 0.942251 , 0.894106 , 0.574379 , 0.056238 , 0.228566 , 0.145788 , 0.660035 , 30.000000
0.402162 , 0.181288 , 0.580557 , 0.618172 , 0.190351 , 0.152983 , 0.098913 , 0.572912 , 0.300625 , 0.006996 , 0.827319 , 0.020545 , 10.000000
0.343056 , 0.227628 , 0.382942 , 0.565661 , 0.416865 , 0.298825 , 0.133573 , 0.535150 , 0.175919 , 0.035862 , 0.563240 , 0.019765 , 30.000000
0.319616 , 0.371874 , 0.622346 , 0.869395 , 0.602388 , 0.542374 , 0.385176 , 0.505407 , 0.315687 , 0.010745 , 0.768574 , 0.052792 , 30.000000
0.465318 , 0.624127 , 0.590297 , 0.342527 , 0.647027 , 0.723591 , 0.666262 , 0.467443 , 0.150898 , 0.144124 , 0.241054 , 0.448605 , 20.000000
0.262721 , 0.197954 , 0.625335 , 0.776433 , 0.273703 , 0.360336 , 0.388100 , 0.720777 , 0.320806 , 0.033514 , 0.599893 , 0.088486 , 30.000000
0.256188 , 0.382941 , 0.399441 , 0.699730 , 0.606643 , 0.641836 , 0.559799 , 0.453340 , 0.217769 , 0.011871 , 0.695046 , 0.112151 , 30.000000
0.195659 , 0.258626 , 0.452539 , 0.846673 , 0.532908 , 0.537751 , 0.446692 , 0.564082 , 0.209446 , 0.036397 , 0.516346 , 0.075938 , 30.000000
0.700964 , 0.945466 , 0.588235 , 0.243530 , 0.934366 , 0.888854 , 0.674722 , 0.378165 , 0.172941 , 0.029234 , 0.555203 , 0.998960 , 30.000000
0.341627 , 0.285572 , 0.521085 , 0.723544 , 0.449795 , 0.386191 , 0.257620 , 0.538639 , 0.139707 , 0.061298 , 0.485079 , 0.089461 , 30.000000
0.354665 , 0.152210 , 0.466949 , 0.613817 , 0.220384 , 0.172335 , 0.103535 , 0.592996 , 0.293894 , 0.003514 , 0.879188 , 0.007412 , 30.000000
0.173041 , 0.176169 , 0.323996 , 0.630891 , 0.354711 , 0.445733 , 0.460284 , 0.572377 , 0.276190 , 0.032382 , 0.592693 , 0.012808 , 30.000000
0.637960 , 0.346765 , 0.662423 , 0.342286 , 0.077157 , 0.088082 , 0.095945 , 0.385541 , 0.136431 , 0.040598 , 0.504537 , 0.030362 , 30.000000
0.075368 , 0.098422 , 0.506011 , 0.926393 , 0.384432 , 0.459041 , 0.454348 , 0.615289 , 0.368912 , 0.058306 , 0.695922 , 0.106495 , 30.000000
0.416057 , 0.294021 , 0.498671 , 0.503271 , 0.268188 , 0.301102 , 0.287101 , 0.584911 , 0.299741 , 0.001649 , 0.878702 , 0.041935 , 10.000000
0.679421 , 0.699402 , 0.611146 , 0.333306 , 0.616694 , 0.554035 , 0.391772 , 0.498343 , 0.284501 , 0.026081 , 0.623548 , 0.136792 , 30.000000
0.268261 , 0.278143 , 0.519689 , 0.654265 , 0.379012 , 0.471388 , 0.482004 , 0.678685 , 0.179949 , 0.069662 , 0.485709 , 0.153631 , 30.000000
0.412452 , 0.639173 , 0.699293 , 0.663798 , 0.710078 , 0.815081 , 0.767452 , 0.637250 , 0.364242 , 0.045495 , 0.480334 , 0.400689 , 20.000000
0.306408 , 0.343662 , 0.396869 , 0.611579 , 0.509403 , 0.518060 , 0.434900 , 0.403276 , 0.202129 , 0.059815 , 0.415089 , 0.055068 , 30.000000
0.135513 , 0.071696 , 0.256366 , 0.642184 , 0.368702 , 0.340777 , 0.257438 , 0.644206 , 0.336687 , 0.009692 , 0.774913 , 0.012548 , 30.000000
0.230018 , 0.273947 , 0.492422 , 0.827384 , 0.499452 , 0.515323 , 0.439977 , 0.505641 , 0.234773 , 0.018641 , 0.664661 , 0.070217 , 30.000000
0.066190 , 0.000000 , 0.079889 , 0.402333 , 0.310114 , 0.325854 , 0.289482 , 0.837934 , 0.508651 , 0.002083 , 0.931537 , 0.011053 , 30.000000
0.323495 , 0.323128 , 0.375399 , 0.548909 , 0.540015 , 0.465369 , 0.309358 , 0.378388 , 0.077995 , 0.088448 , 0.339165 , 0.072622 , 30.000000
0.242898 , 0.483725 , 0.397163 , 0.760325 , 0.803659 , 0.807955 , 0.660580 , 0.600148 , 0.120399 , 0.169165 , 0.229484 , 0.529289 , 30.000000
0.360049 , 0.253975 , 0.605505 , 0.750639 , 0.340666 , 0.315427 , 0.240020 , 0.638414 , 0.206007 , 0.076396 , 0.487258 , 0.078994 , 30.000000
0.373505 , 0.655519 , 0.336850 , 0.312271 , 0.765089 , 0.890245 , 0.847359 , 0.539842 , 0.311324 , 0.031531 , 0.523613 , 0.723750 , 30.000000
0.382633 , 0.587479 , 0.635319 , 0.702840 , 0.764941 , 0.777892 , 0.645421 , 0.500606 , 0.085187 , 0.141334 , 0.231927 , 0.486314 , 30.000000
0.696146 , 0.556711 , 0.878435 , 0.481837 , 0.382915 , 0.321581 , 0.208627 , 0.626821 , 0.138530 , 1.000000 , 0.012101 , 0.032183 , 30.000000
0.297985 , 0.609835 , 0.495209 , 0.575123 , 0.780850 , 0.921822 , 0.888315 , 0.843090 , 0.553023 , 0.030920 , 0.682841 , 0.775502 , 30.000000
0.252060 , 0.464035 , 0.255914 , 0.546978 , 0.786286 , 0.766897 , 0.604190 , 0.476124 , 0.165559 , 0.090669 , 0.323275 , 0.277355 , 20.000000
0.562387 , 0.569025 , 0.542209 , 0.315417 , 0.522303 , 0.515066 , 0.416548 , 0.498761 , 0.234914 , 0.150418 , 0.304932 , 0.203173 , 30.000000
0.363039 , 0.430216 , 0.601019 , 0.784576 , 0.605481 , 0.571541 , 0.434530 , 0.538568 , 0.279488 , 0.011255 , 0.753206 , 0.129120 , 30.000000
0.420003 , 0.684233 , 0.463213 , 0.574720 , 0.923420 , 0.871668 , 0.654809 , 0.512506 , 0.166287 , 0.100244 , 0.319240 , 0.604577 , 20.000000
0.253358 , 0.570424 , 0.536577 , 0.774115 , 0.798064 , 0.922166 , 0.871632 , 0.678961 , 0.484622 , 0.022479 , 0.599006 , 0.656459 , 20.000000
0.373726 , 0.273578 , 0.526859 , 0.724345 , 0.404395 , 0.326423 , 0.195748 , 0.580259 , 0.329399 , 0.018803 , 0.673886 , 0.069696 , 30.000000
0.443873 , 0.740929 , 0.695738 , 0.580519 , 0.819593 , 0.924033 , 0.853352 , 0.514890 , 0.061222 , 0.187443 , 0.186774 , 0.685716 , 30.000000
0.297719 , 0.480990 , 0.407241 , 0.719619 , 0.748837 , 0.732068 , 0.579183 , 0.569579 , 0.183746 , 0.161708 , 0.299365 , 0.440283 , 30.000000
0.472687 , 0.394757 , 0.669965 , 0.704521 , 0.351731 , 0.375509 , 0.336967 , 0.481335 , 0.176208 , 0.126796 , 0.415930 , 0.059424 , 30.000000
0.681557 , 0.881998 , 0.609636 , 0.136254 , 0.769918 , 0.820647 , 0.717321 , 0.607882 , 0.341690 , 0.029504 , 0.573634 , 0.768871 , 30.000000
0.395625 , 0.225207 , 0.693074 , 0.775056 , 0.259876 , 0.226353 , 0.161005 , 0.570292 , 0.377478 , 0.008468 , 0.811726 , 0.013848 , 10.000000
0.343751 , 0.334803 , 0.600276 , 0.796240 , 0.432785 , 0.456045 , 0.400360 , 0.592342 , 0.338902 , 0.009638 , 0.758932 , 0.064235 , 30.000000
0.413670 , 0.456058 , 0.696514 , 0.617974 , 0.451434 , 0.543309 , 0.538578 , 0.439072 , 0.346986 , 0.033354 , 0.658090 , 0.100709 , 30.000000
0.362192 , 0.387543 , 0.404839 , 0.551242 , 0.554972 , 0.509690 , 0.374044 , 0.557284 , 0.186550 , 0.089702 , 0.393866 , 0.191080 , 30.000000
0.349848 , 0.257981 , 0.594231 , 0.772718 , 0.380067 , 0.334707 , 0.235099 , 0.483952 , 0.172117 , 0.027931 , 0.584716 , 0.039009 , 30.000000
0.676004 , 0.925318 , 0.502793 , 0.155575 , 0.910748 , 0.891840 , 0.703830 , 0.449122 , 0.145559 , 0.204207 , 0.173200 , 0.990443 , 30.000000
0.393288 , 0.423453 , 0.656031 , 0.769635 , 0.576959 , 0.521916 , 0.373936 , 0.597712 , 0.205848 , 0.094929 , 0.501836 , 0.219622 , 30.000000
0.310098 , 0.608762 , 0.457041 , 0.683308 , 0.914782 , 0.904364 , 0.722302 , 0.621172 , 0.298647 , 0.014575 , 0.742486 , 0.651973 , 30.000000
0.225980 , 0.182270 , 0.498995 , 0.791520 , 0.416223 , 0.385351 , 0.289851 , 0.734128 , 0.309996 , 0.031185 , 0.684233 , 0.080749 , 30.000000
0.673276 , 0.872019 , 0.493819 , 0.153256 , 0.817907 , 0.816777 , 0.662127 , 0.514687 , 0.262288 , 0.043697 , 0.495590 , 0.561602 , 20.000000
0.379754 , 0.378406 , 0.623343 , 0.589005 , 0.375266 , 0.473190 , 0.489009 , 0.563937 , 0.206864 , 0.049421 , 0.491621 , 0.157857 , 20.000000
0.244192 , 0.444550 , 0.631023 , 0.842429 , 0.656901 , 0.748459 , 0.701068 , 0.448161 , 0.164845 , 0.020734 , 0.618108 , 0.373903 , 30.000000
0.390933 , 0.466587 , 0.678765 , 0.746548 , 0.543362 , 0.588644 , 0.527726 , 0.488667 , 0.195944 , 0.019039 , 0.652962 , 0.137897 , 20.000000
0.361329 , 0.632126 , 0.307168 , 0.450368 , 0.915562 , 0.871688 , 0.662744 , 0.506472 , 0.215257 , 0.132643 , 0.291434 , 0.717054 , 30.000000
0.226055 , 0.091563 , 0.474547 , 0.737820 , 0.237968 , 0.251419 , 0.228109 , 0.684082 , 0.316037 , 0.012522 , 0.792358 , 0.057929 , 20.000000
0.286174 , 0.559520 , 0.172643 , 0.301109 , 0.823792 , 0.863067 , 0.739472 , 0.720304 , 0.590398 , 0.030093 , 0.545996 , 0.516871 , 30.000000
0.303291 , 0.150210 , 0.487627 , 0.690981 , 0.294883 , 0.236718 , 0.144464 , 0.564631 , 0.322842 , 0.003722 , 0.854723 , 0.009817 , 10.000000
0.168543 , 0.214268 , 0.459993 , 0.736419 , 0.412254 , 0.507844 , 0.514165 , 0.603128 , 0.283632 , 0.022781 , 0.603714 , 0.038879 , 30.000000
0.493169 , 0.694377 , 0.653307 , 0.671518 , 0.865612 , 0.790738 , 0.567344 , 0.500186 , 0.270679 , 0.050857 , 0.471249 , 0.372473 , 20.000000
0.443473 , 0.709742 , 0.657670 , 0.680962 , 0.883004 , 0.878544 , 0.707799 , 0.556885 , 0.253040 , 0.057332 , 0.493663 , 0.726871 , 20.000000
0.409730 , 0.741203 , 0.442381 , 0.290032 , 0.834975 , 0.969188 , 0.919109 , 0.672627 , 0.457343 , 0.022489 , 0.635851 , 0.989988 , 30.000000
0.316545 , 0.614792 , 0.539763 , 0.581203 , 0.771423 , 0.904810 , 0.867190 , 0.658326 , 0.375152 , 0.018933 , 0.694797 , 0.593394 , 30.000000
0.299787 , 0.233957 , 0.512612 , 0.642861 , 0.347051 , 0.364874 , 0.322542 , 0.529176 , 0.174726 , 0.043572 , 0.513197 , 0.052012 , 20.000000
0.276176 , 0.635346 , 0.667244 , 0.746468 , 0.828544 , 0.988047 , 0.959496 , 0.489044 , 0.121168 , 0.062399 , 0.534267 , 0.923932 , 30.000000
0.480439 , 0.365285 , 0.470863 , 0.358947 , 0.302867 , 0.321865 , 0.289592 , 0.630812 , 0.238460 , 0.049357 , 0.543771 , 0.130876 , 20.000000
0.399785 , 0.158792 , 0.649920 , 0.608051 , 0.156487 , 0.122909 , 0.078855 , 0.566103 , 0.237900 , 0.019704 , 0.697031 , 0.062285 , 20.000000
0.237333 , 0.121235 , 0.507785 , 0.838677 , 0.316300 , 0.280416 , 0.201536 , 0.565758 , 0.314302 , 0.009710 , 0.758680 , 0.015864 , 30.000000
0.529477 , 0.867993 , 0.551082 , 0.264916 , 0.877276 , 0.999311 , 0.930776 , 0.570436 , 0.295348 , 0.026702 , 0.601755 , 0.996944 , 30.000000
0.271352 , 0.257506 , 0.480765 , 0.735385 , 0.452395 , 0.436888 , 0.346195 , 0.655500 , 0.159528 , 0.181988 , 0.411856 , 0.117743 , 30.000000
0.305248 , 0.582540 , 0.563555 , 0.624276 , 0.690978 , 0.872032 , 0.889085 , 0.532672 , 0.281274 , 0.057982 , 0.376548 , 0.641571 , 20.000000
0.262708 , 0.220835 , 0.464821 , 0.776685 , 0.466504 , 0.394112 , 0.255073 , 0.560940 , 0.178613 , 0.079028 , 0.529332 , 0.088031 , 30.000000
0.319133 , 0.541538 , 0.367996 , 0.557651 , 0.770181 , 0.793337 , 0.667933 , 0.604855 , 0.260678 , 0.030608 , 0.558465 , 0.527924 , 20.000000
0.276526 , 0.522087 , 0.436320 , 0.688262 , 0.857361 , 0.820481 , 0.629136 , 0.446105 , 0.022408 , 0.205365 , 0.135679 , 0.631363 , 30.000000
0.319950 , 0.442783 , 0.489224 , 0.736797 , 0.642653 , 0.646559 , 0.532102 , 0.485928 , 0.190397 , 0.062991 , 0.399502 , 0.149665 , 30.000000
0.383297 , 0.544976 , 0.921479 , 0.825309 , 0.664099 , 0.714311 , 0.632411 , 0.428206 , 0.206609 , 0.073630 , 0.398604 , 0.310318 , 30.000000
0.354291 , 0.260284 , 0.597963 , 0.726642 , 0.335113 , 0.332282 , 0.275918 , 0.678387 , 0.223114 , 0.111997 , 0.522175 , 0.112151 , 30.000000
0.153401 , 0.098002 , 0.428829 , 0.705691 , 0.277472 , 0.356145 , 0.376774 , 0.687252 , 0.290528 , 0.016634 , 0.670069 , 0.049347 , 30.000000
0.323717 , 0.336377 , 0.578991 , 0.817339 , 0.516266 , 0.484625 , 0.367863 , 0.421427 , 0.221748 , 0.017674 , 0.660299 , 0.076588 , 30.000000
0.462599 , 0.657801 , 0.583200 , 0.591309 , 0.706324 , 0.776839 , 0.702441 , 0.626792 , 0.444143 , 0.013187 , 0.745999 , 0.297835 , 30.000000
0.461967 , 0.556400 , 0.380634 , 0.361436 , 0.643602 , 0.628057 , 0.497868 , 0.383891 , 0.165647 , 0.087833 , 0.320235 , 0.240231 , 30.000000
0.378576 , 0.606570 , 0.513608 , 0.546314 , 0.720750 , 0.811378 , 0.750067 , 0.532993 , 0.286587 , 0.051720 , 0.403147 , 0.363175 , 30.000000
0.720108 , 0.833537 , 0.790656 , 0.278753 , 0.692134 , 0.698618 , 0.576007 , 0.340201 , 0.122129 , 0.067172 , 0.376169 , 0.103049 , 30.000000
0.195406 , 0.048387 , 0.466780 , 0.697934 , 0.148829 , 0.227886 , 0.275374 , 0.620474 , 0.342488 , 0.003821 , 0.850753 , 0.032573 , 10.000000
0.129044 , 0.385515 , 0.375640 , 0.830297 , 0.751157 , 0.812278 , 0.721123 , 0.440265 , 0.147393 , 0.082282 , 0.401153 , 0.368962 , 30.000000
0.277367 , 0.318739 , 0.391405 , 0.548773 , 0.447947 , 0.519351 , 0.498990 , 0.605970 , 0.260649 , 0.031295 , 0.586368 , 0.087641 , 30.000000
0.424152 , 0.165433 , 0.615212 , 0.503305 , 0.088431 , 0.100768 , 0.107432 , 0.514892 , 0.214539 , 0.009499 , 0.759106 , 0.031532 , 10.000000
0.269400 , 0.172926 , 0.528974 , 0.778221 , 0.315118 , 0.314654 , 0.264308 , 0.560063 , 0.258010 , 0.009955 , 0.730576 , 0.049412 , 30.000000
0.271419 , 0.307234 , 0.423757 , 0.732141 , 0.495221 , 0.510172 , 0.434965 , 0.457475 , 0.139043 , 0.053360 , 0.431192 , 0.045966 , 30.000000
0.647552 , 0.392490 , 0.647340 , 0.325735 , 0.091944 , 0.142974 , 0.179818 , 0.467992 , 0.186777 , 0.011003 , 0.718186 , 0.039464 , 10.000000
0.773960 , 0.506088 , 0.717723 , 0.204116 , 0.133776 , 0.144901 , 0.141239 , 0.489737 , 0.264847 , 0.025674 , 0.593079 , 0.052792 , 30.000000
0.177511 , 0.262568 , 0.508134 , 0.723056 , 0.472532 , 0.567353 , 0.560620 , 0.589939 , 0.117981 , 0.087423 , 0.430992 , 0.183213 , 30.000000
0.347499 , 0.622403 , 0.466610 , 0.535860 , 0.836664 , 0.875470 , 0.748844 , 0.545699 , 0.207322 , 0.077586 , 0.418666 , 0.523958 , 30.000000
0.452446 , 0.331466 , 0.669298 , 0.519680 , 0.223014 , 0.308657 , 0.346091 , 0.331946 , 0.213698 , 0.044229 , 0.596517 , 0.102789 , 30.000000
0.260560 , 0.512172 , 0.547544 , 0.823374 , 0.873213 , 0.826779 , 0.624530 , 0.389897 , 0.055266 , 0.085263 , 0.387504 , 0.455302 , 30.000000
0.362387 , 0.505606 , 0.754054 , 0.788064 , 0.621583 , 0.683630 , 0.619957 , 0.585030 , 0.243494 , 0.054665 , 0.570486 , 0.299395 , 20.000000
0.383012 , 0.670806 , 0.418061 , 0.397179 , 0.717716 , 0.900339 , 0.913127 , 0.844758 , 0.760848 , 0.003482 , 0.916954 , 0.688902 , 30.000000
0.416535 , 0.597259 , 0.654324 , 0.580246 , 0.617693 , 0.747888 , 0.739447 , 0.571606 , 0.254632 , 0.086711 , 0.334103 , 0.427801 , 20.000000
0.295158 , 0.576579 , 0.618175 , 0.653588 , 0.668049 , 0.876460 , 0.920096 , 0.395964 , 0.083936 , 0.075569 , 0.334877 , 0.587348 , 20.000000
0.080197 , 0.306616 , 0.024013 , 0.343165 , 0.687690 , 0.759891 , 0.690684 , 0.935786 , 0.798816 , 0.005764 , 0.870710 , 0.062805 , 30.000000
0.383078 , 0.593488 , 0.500540 , 0.479637 , 0.762477 , 0.786175 , 0.662794 , 0.451293 , 0.056934 , 0.182923 , 0.185720 , 0.535466 , 30.000000
0.182623 , 0.287442 , 0.559540 , 0.857230 , 0.497232 , 0.597352 , 0.589753 , 0.607729 , 0.294629 , 0.008318 , 0.775382 , 0.114752 , 30.000000
0.265139 , 0.555331 , 0.612819 , 0.723092 , 0.787240 , 0.884456 , 0.814682 , 0.330534 , 0.032728 , 0.080125 , 0.373924 , 0.570379 , 30.000000
0.311315 , 0.416295 , 0.601756 , 0.821205 , 0.572905 , 0.618795 , 0.552266 , 0.574252 , 0.400213 , 0.019380 , 0.686509 , 0.091411 , 30.000000
0.474961 , 0.789083 , 0.678049 , 0.648896 , 0.923816 , 0.954336 , 0.803105 , 0.579128 , 0.132572 , 0.175918 , 0.276634 , 0.991678 , 30.000000
0.438079 , 0.481898 , 0.512134 , 0.507083 , 0.573988 , 0.549442 , 0.426433 , 0.502709 , 0.164740 , 0.079060 , 0.386720 , 0.143229 , 20.000000
0.425926 , 0.531181 , 0.715163 , 0.751978 , 0.621627 , 0.638086 , 0.537994 , 0.662866 , 0.364926 , 0.106287 , 0.431020 , 0.211950 , 20.000000
0.374569 , 0.664560 , 0.515316 , 0.422731 , 0.810672 , 0.902190 , 0.823030 , 0.561667 , 0.201069 , 0.030802 , 0.556042 , 0.824784 , 30.000000
0.465852 , 0.708506 , 0.692374 , 0.523481 , 0.716555 , 0.847387 , 0.819050 , 0.400262 , 0.372055 , 0.078143 , 0.515734 , 0.466940 , 20.000000
0.333402 , 0.503609 , 0.662571 , 0.852038 , 0.686021 , 0.718672 , 0.618223 , 0.600381 , 0.320356 , 0.029018 , 0.555879 , 0.261621 , 20.000000
0.547967 , 0.259353 , 0.640565 , 0.426534 , 0.088450 , 0.077061 , 0.064772 , 0.429172 , 0.163469 , 0.030348 , 0.539634 , 0.027566 , 30.000000
0.498315 , 0.761033 , 0.371712 , 0.239638 , 0.815093 , 0.882339 , 0.782880 , 0.669200 , 0.509002 , 0.026400 , 0.599679 , 0.804889 , 20.000000
0.679407 , 0.427666 , 0.657941 , 0.308345 , 0.173295 , 0.153123 , 0.116307 , 0.483518 , 0.198595 , 0.013930 , 0.693443 , 0.040635 , 30.000000
0.391044 , 0.667482 , 0.389840 , 0.423247 , 0.824392 , 0.884909 , 0.778156 , 0.725710 , 0.524583 , 0.006552 , 0.805618 , 0.537416 , 30.000000
0.312951 , 0.454907 , 0.778092 , 0.911885 , 0.619756 , 0.673621 , 0.603791 , 0.771216 , 0.503172 , 0.028150 , 0.626187 , 0.202133 , 30.000000
0.336926 , 0.405431 , 0.574444 , 0.796651 , 0.633293 , 0.569199 , 0.402363 , 0.449641 , 0.203746 , 0.051433 , 0.453976 , 0.126455 , 30.000000
0.105617 , 0.113446 , 0.124997 , 0.548628 , 0.418286 , 0.441562 , 0.388883 , 0.593317 , 0.301733 , 0.024167 , 0.632442 , 0.007737 , 30.000000
0.285355 , 0.551639 , 0.169335 , 0.307196 , 0.783553 , 0.852512 , 0.760931 , 0.664828 , 0.519138 , 0.033712 , 0.520086 , 0.443664 , 30.000000
0.295900 , 0.550791 , 0.597103 , 0.706074 , 0.682783 , 0.837440 , 0.835102 , 0.625807 , 0.624313 , 0.036134 , 0.712884 , 0.316364 , 20.000000
0.709464 , 0.436471 , 0.608150 , 0.299308 , 0.165394 , 0.126718 , 0.076756 , 0.530884 , 0.242292 , 0.006063 , 0.828497 , 0.031402 , 10.000000
0.342124 , 0.610082 , 0.518843 , 0.521401 , 0.711738 , 0.864336 , 0.854378 , 0.582349 , 0.216910 , 0.069665 , 0.379274 , 0.544633 , 20.000000
0.337576 , 0.407382 , 0.638879 , 0.851104 , 0.585809 , 0.571225 , 0.453733 , 0.626612 , 0.188414 , 0.107183 , 0.398715 , 0.243092 , 30.000000
0.447870 , 0.688528 , 0.641725 , 0.518555 , 0.781685 , 0.841480 , 0.742966 , 0.279547 , 0.044286 , 0.066885 , 0.346343 , 0.639750 , 30.000000
0.279988 , 0.247089 , 0.472920 , 0.617571 , 0.385169 , 0.410201 , 0.365759 , 0.461213 , 0.125542 , 0.066379 , 0.470898 , 0.048436 , 20.000000
0.672056 , 0.442004 , 0.666270 , 0.345602 , 0.305032 , 0.183913 , 0.039284 , 0.508402 , 0.057075 , 0.699063 , 0.012667 , 0.003576 , 30.000000
0.155410 , 0.303449 , 0.322601 , 0.765733 , 0.607285 , 0.656637 , 0.585777 , 0.635073 , 0.233826 , 0.117584 , 0.340834 , 0.252519 , 30.000000
1.000000 , 0.654789 , 0.807849 , 0.060017 , 0.021579 , 0.068037 , 0.115751 , 0.737703 , 0.799725 , 0.139681 , 0.266121 , 0.004226 , 20.000000
0.395542 , 0.717175 , 0.400235 , 0.446482 , 0.966627 , 0.952331 , 0.756472 , 0.425588 , 0.155551 , 0.026906 , 0.586044 , 0.977050 , 30.000000
0.083771 , 0.102008 , 0.217789 , 0.543134 , 0.347885 , 0.453318 , 0.480787 , 0.709191 , 0.441464 , 0.011572 , 0.785787 , 0.020480 , 30.000000
0.497329 , 0.455150 , 0.631074 , 0.467412 , 0.353349 , 0.432320 , 0.437526 , 0.528392 , 0.227039 , 0.012077 , 0.719499 , 0.087446 , 30.000000
0.285581 , 0.368718 , 0.499397 , 0.532295 , 0.409591 , 0.582326 , 0.650812 , 0.141643 , 0.114061 , 0.123051 , 0.382763 , 0.111371 , 20.000000
0.334106 , 0.616301 , 0.229549 , 0.281216 , 0.797259 , 0.884020 , 0.803828 , 0.641467 , 0.441919 , 0.028319 , 0.559319 , 0.646967 , 30.000000
0.253399 , 0.076960 , 0.452562 , 0.698828 , 0.216213 , 0.194034 , 0.146758 , 0.589068 , 0.282992 , 0.009283 , 0.753478 , 0.021390 , 30.000000
0.392234 , 0.724111 , 1.000000 , 0.881608 , 0.914451 , 0.966902 , 0.835119 , 0.412472 , 0.264895 , 0.029266 , 0.618349 , 0.823223 , 30.000000
0.561996 , 0.712249 , 0.579844 , 0.390210 , 0.775836 , 0.726897 , 0.542746 , 0.466062 , 0.158399 , 0.285518 , 0.181102 , 0.484624 , 30.000000
0.571743 , 0.792973 , 0.724702 , 0.533481 , 0.762259 , 0.833225 , 0.747642 , 0.397259 , 0.149730 , 0.049645 , 0.472562 , 0.592159 , 20.000000
0.779765 , 0.875845 , 0.761527 , 0.224491 , 0.765737 , 0.682849 , 0.473667 , 0.459286 , 0.106532 , 0.855689 , 0.000000 , 0.225278 , 30.000000
0.317819 , 0.206750 , 0.543221 , 0.771649 , 0.347449 , 0.301098 , 0.207431 , 0.666483 , 0.222786 , 0.089268 , 0.537137 , 0.059749 , 30.000000
0.378649 , 0.642946 , 0.521362 , 0.721285 , 0.891491 , 0.864954 , 0.674824 , 0.542676 , 0.209896 , 0.084971 , 0.337295 , 0.638905 , 20.000000
0.418223 , 0.266232 , 0.618229 , 0.500450 , 0.177763 , 0.257263 , 0.299132 , 0.389926 , 0.255334 , 0.039258 , 0.610465 , 0.087381 , 30.000000
0.082619 , 0.168944 , 0.228889 , 0.816750 , 0.527669 , 0.553587 , 0.480443 , 0.662787 , 0.374544 , 0.041545 , 0.581458 , 0.084195 , 30.000000
0.381460 , 0.433466 , 0.711989 , 0.824160 , 0.534351 , 0.552193 , 0.471220 , 0.573220 , 0.356750 , 0.008389 , 0.769001 , 0.090176 , 30.000000
0.398088 , 0.746996 , 0.482283 , 0.335788 , 0.797099 , 0.992995 , 1.000000 , 0.531770 , 0.263006 , 0.074639 , 0.346316 , 1.000000 , 30.000000
0.437079 , 0.719434 , 0.567739 , 0.501801 , 0.774447 , 0.901224 , 0.857700 , 0.455556 , 0.166114 , 0.032093 , 0.547641 , 0.884923 , 20.000000
0.627531 , 0.886368 , 0.854980 , 0.526094 , 0.946014 , 0.897904 , 0.679292 , 0.385265 , 0.183248 , 0.023875 , 0.616890 , 0.980755 , 30.000000
0.321430 , 0.169351 , 0.389126 , 0.627020 , 0.296775 , 0.241185 , 0.150596 , 0.501057 , 0.208820 , 0.016676 , 0.638400 , 0.004161 , 30.000000
0.436408 , 0.637572 , 0.613483 , 0.607062 , 0.791982 , 0.781320 , 0.624409 , 0.397489 , 0.092524 , 0.065398 , 0.479809 , 0.490345 , 30.000000
0.422861 , 0.369677 , 0.664773 , 0.692222 , 0.407248 , 0.403812 , 0.332078 , 0.616539 , 0.361959 , 0.005626 , 0.852928 , 0.088096 , 30.000000
0.350216 , 0.436456 , 0.632164 , 0.788021 , 0.667766 , 0.597555 , 0.418720 , 0.479329 , 0.199169 , 0.073321 , 0.403912 , 0.184578 , 30.000000
0.348916 , 0.287091 , 0.666567 , 0.681950 , 0.308974 , 0.378879 , 0.386003 , 0.404405 , 0.249917 , 0.028626 , 0.664733 , 0.097848 , 30.000000
0.721276 , 0.885810 , 0.642896 , 0.136496 , 0.785302 , 0.774212 , 0.618337 , 0.520797 , 0.298891 , 0.042048 , 0.467174 , 0.600871 , 30.000000
0.800512 , 0.939818 , 0.811445 , 0.166024 , 0.718552 , 0.750046 , 0.641958 , 0.601188 , 0.352973 , 0.034551 , 0.531022 , 0.592029 , 30.000000
0.538533 , 0.620869 , 0.455631 , 0.377470 , 1.000000 , 0.622823 , 0.130250 , 0.382499 , 0.217275 , 0.098131 , 0.295460 , 0.161238 , 30.000000
0.380169 , 0.385032 , 0.403076 , 0.410308 , 0.459545 , 0.482422 , 0.420908 , 0.525585 , 0.170113 , 0.230021 , 0.202677 , 0.198817 , 30.000000
0.360292 , 0.599517 , 0.566757 , 0.647107 , 0.738795 , 0.824936 , 0.756315 , 0.801433 , 0.635148 , 0.006544 , 0.827988 , 0.333463 , 30.000000
0.560839 , 0.798828 , 0.622154 , 0.337585 , 0.808456 , 0.856156 , 0.742455 , 0.434089 , 0.163501 , 0.024138 , 0.587003 , 0.777388 , 30.000000
0.467705 , 0.664100 , 0.515864 , 0.550097 , 0.733498 , 0.779441 , 0.679809 , 0.754616 , 0.641394 , 0.008412 , 0.836354 , 0.273974 , 30.000000
0.426214 , 0.616220 , 0.414424 , 0.459225 , 0.677991 , 0.763178 , 0.706346 , 0.433712 , 0.214140 , 0.049608 , 0.444139 , 0.327287 , 30.000000
0.539892 , 0.482374 , 0.898858 , 0.598930 , 0.359611 , 0.416700 , 0.403138 , 0.672616 , 0.291467 , 0.182965 , 0.415200 , 0.289903 , 30.000000
0.445441 , 0.732172 , 0.798361 , 0.678220 , 0.821782 , 0.909058 , 0.824216 , 0.351506 , 0.091167 , 0.037143 , 0.509492 , 0.991808 , 30.000000
0.480824 , 0.587864 , 0.675024 , 0.593696 , 0.640695 , 0.649763 , 0.539833 , 0.606615 , 0.241152 , 0.129404 , 0.325854 , 0.322216 , 30.000000
0.324831 , 0.360947 , 0.536737 , 0.808773 , 0.544162 , 0.519415 , 0.402402 , 0.485473 , 0.238984 , 0.033479 , 0.511312 , 0.120863 , 30.000000
0.331497 , 0.115589 , 0.376285 , 0.588931 , 0.281042 , 0.148667 , 0.000000 , 0.537623 , 0.294994 , 0.007190 , 0.796213 , 0.000715 , 10.000000
0.365601 , 0.587312 , 0.511153 , 0.604203 , 0.742960 , 0.799970 , 0.707224 , 0.347474 , 0.121365 , 0.047667 , 0.425648 , 0.391782 , 30.000000
0.245624 , 0.178071 , 0.479574 , 0.619613 , 0.261872 , 0.353407 , 0.387528 , 0.572115 , 0.267609 , 0.017032 , 0.648092 , 0.040570 , 30.000000
0.726248 , 0.927616 , 0.604602 , 0.220782 , 0.804312 , 0.829377 , 0.698455 , 0.459844 , 0.077327 , 0.425076 , 0.052599 , 0.935505 , 30.000000
0.401516 , 0.457623 , 0.671930 , 0.691337 , 0.533348 , 0.561548 , 0.489054 , 0.411987 , 0.116085 , 0.035508 , 0.523448 , 0.093752 , 30.000000
0.199714 , 0.256773 , 0.566173 , 0.936446 , 0.520155 , 0.529702 , 0.445033 , 0.533829 , 0.306755 , 0.014605 , 0.701278 , 0.101749 , 30.000000
0.244916 , 0.472247 , 0.563739 , 0.760407 , 0.657736 , 0.788376 , 0.772025 , 0.443940 , 0.185611 , 0.026010 , 0.538850 , 0.427540 , 30.000000
0.349834 , 0.632039 , 0.505386 , 0.536183 , 0.748120 , 0.886627 , 0.857906 , 0.621242 , 0.338820 , 0.035798 , 0.508035 , 0.781159 , 20.000000
0.431541 , 0.724175 , 0.529249 , 0.586172 , 0.908728 , 0.915477 , 0.748375 , 0.443065 , 0.162946 , 0.060588 , 0.439712 , 0.901697 , 30.000000
0.175156 , 0.119832 , 0.316913 , 0.655414 , 0.377570 , 0.359841 , 0.282815 , 0.664950 , 0.394443 , 0.001357 , 0.940527 , 0.007607 , 10.000000
0.323824 , 0.461970 , 0.526905 , 0.756228 , 0.660607 , 0.669791 , 0.555844 , 0.507563 , 0.179093 , 0.082940 , 0.392846 , 0.225863 , 20.000000
0.492478 , 0.710647 , 0.683020 , 0.473602 , 0.716033 , 0.815648 , 0.762488 , 0.373231 , 0.108976 , 0.100786 , 0.309757 , 0.537416 , 20.000000
0.527818 , 0.798706 , 0.606510 , 0.551714 , 0.934412 , 0.899257 , 0.693386 , 0.397674 , 0.157079 , 0.022820 , 0.654148 , 0.872245 , 30.000000
0.385164 , 0.569708 , 0.611480 , 0.634075 , 0.703452 , 0.748355 , 0.654094 , 0.574040 , 0.304447 , 0.022268 , 0.618846 , 0.269748 , 20.000000
0.369725 , 0.623196 , 0.400315 , 0.329382 , 0.786767 , 0.847510 , 0.748704 , 0.549520 , 0.282170 , 0.067847 , 0.399841 , 0.474416 , 20.000000
0.100551 , 0.330132 , 0.061052 , 0.364797 , 0.693710 , 0.767909 , 0.699057 , 0.812130 , 0.577605 , 0.006679 , 0.852382 , 0.117353 , 30.000000
0.269151 , 0.273861 , 0.595527 , 0.894423 , 0.514467 , 0.463904 , 0.332401 , 0.529627 , 0.217773 , 0.062424 , 0.459798 , 0.114492 , 30.000000
0.197897 , 0.457746 , 0.487636 , 0.873674 , 0.784176 , 0.828608 , 0.717310 , 0.600799 , 0.140161 , 0.246532 , 0.239953 , 0.437033 , 30.000000
0.686589 , 0.805991 , 0.623514 , 0.240449 , 0.733720 , 0.701907 , 0.540127 , 0.661489 , 0.445993 , 0.025951 , 0.662156 , 0.383460 , 30.000000
0.280770 , 0.191477 , 0.298227 , 0.545098 , 0.306601 , 0.327123 , 0.295295 , 0.601565 , 0.330756 , 0.013017 , 0.736347 , 0.004551 , 30.000000
0.257871 , 0.293639 , 0.466393 , 0.843001 , 0.590709 , 0.507870 , 0.334853 , 0.554614 , 0.226946 , 0.034007 , 0.528660 , 0.105390 , 30.000000
0.265770 , 0.174705 , 0.641136 , 0.816050 , 0.239657 , 0.322037 , 0.353431 , 0.644491 , 0.247003 , 0.029232 , 0.669765 , 0.066186 , 30.000000
0.271179 , 0.434956 , 0.458581 , 0.660685 , 0.610450 , 0.698933 , 0.658673 , 0.470896 , 0.176486 , 0.070109 , 0.347707 , 0.206228 , 30.000000
0.544849 , 0.728291 , 0.539873 , 0.356057 , 0.805863 , 0.773040 , 0.595564 , 0.543332 , 0.162529 , 0.211998 , 0.197618 , 0.564918 , 20.000000
0.530263 , 0.623367 , 0.861835 , 0.539897 , 0.574838 , 0.637348 , 0.583693 , 0.000000 , 0.017614 , 0.384883 , 0.181844 , 0.443924 , 20.000000
0.560463 , 0.370860 , 0.566442 , 0.357256 , 0.203217 , 0.225206 , 0.215888 , 0.420321 , 0.206180 , 0.066006 , 0.377504 , 0.049152 , 30.000000
0.324044 , 0.364670 , 0.635844 , 0.799026 , 0.507345 , 0.525942 , 0.451145 , 0.650151 , 0.347185 , 0.028792 , 0.606099 , 0.131786 , 30.000000
0.520650 , 0.628355 , 0.547149 , 0.319253 , 0.693486 , 0.657308 , 0.500346 , 0.378691 , 0.119460 , 0.074403 , 0.346489 , 0.139848 , 30.000000
0.316673 , 0.510365 , 0.504376 , 0.728475 , 0.680472 , 0.750568 , 0.681170 , 0.517584 , 0.147034 , 0.080726 , 0.340636 , 0.429946 , 30.000000
0.361192 , 0.664196 , 0.692648 , 0.701837 , 0.802798 , 0.919187 , 0.861516 , 0.431632 , 0.153457 , 0.017378 , 0.657530 , 0.723685 , 30.000000
0.316677 , 0.469962 , 0.623562 , 0.748086 , 0.636722 , 0.690950 , 0.617908 , 0.525432 , 0.157150 , 0.102859 , 0.326842 , 0.334439 , 30.000000
0.393793 , 0.273855 , 0.635014 , 0.643146 , 0.289471 , 0.300530 , 0.264681 , 0.535409 , 0.282038 , 0.011187 , 0.746926 , 0.025616 , 30.000000
0.399241 , 0.126071 , 0.590916 , 0.597965 , 0.143956 , 0.075343 , 0.005893 , 0.528533 , 0.244507 , 0.008164 , 0.790473 , 0.028932 , 10.000000
0.297985 , 0.435397 , 0.635621 , 0.720110 , 0.579481 , 0.664450 , 0.627774 , 0.636039 , 0.156027 , 0.083303 , 0.387711 , 0.416358 , 30.000000
0.514319 , 0.802178 , 0.646668 , 0.390492 , 0.784132 , 0.922070 , 0.885462 , 0.584061 , 0.280650 , 0.062245 , 0.493617 , 0.976790 , 30.000000
0.454652 , 0.533248 , 0.672326 , 0.645985 , 0.632906 , 0.603484 , 0.464420 , 0.446033 , 0.210412 , 0.053531 , 0.454125 , 0.166959 , 30.000000
0.245012 , 0.422635 , 0.534423 , 0.855148 , 0.694528 , 0.715051 , 0.603158 , 0.523815 , 0.356751 , 0.011984 , 0.707864 , 0.220337 , 20.000000
0.498457 , 0.779849 , 0.451152 , 0.364027 , 0.943365 , 0.909917 , 0.703561 , 0.522866 , 0.234550 , 0.018025 , 0.696869 , 0.944997 , 30.000000
0.213702 , 0.473713 , 0.579432 , 0.777743 , 0.682437 , 0.831451 , 0.824678 , 0.571279 , 0.141791 , 0.080147 , 0.365888 , 0.432482 , 20.000000
0.369824 , 0.512969 , 0.411250 , 0.557027 , 0.735617 , 0.684746 , 0.507353 , 0.569872 , 0.215149 , 0.129161 , 0.284423 , 0.408946 , 30.000000
0.272039 , 0.456414 , 0.372906 , 0.632671 , 0.716323 , 0.729466 , 0.607181 , 0.470443 , 0.125982 , 0.084343 , 0.331292 , 0.315454 , 20.000000
0.247925 , 0.585224 , 0.597883 , 0.678326 , 0.763419 , 0.951122 , 0.958536 , 0.039835 , 0.066647 , 0.072992 , 0.457324 , 0.873675 , 30.000000
0.296096 , 0.169889 , 0.479048 , 0.527665 , 0.285125 , 0.275183 , 0.223457 , 0.554557 , 0.132860 , 0.055531 , 0.510916 , 0.098823 , 30.000000
0.448412 , 0.503894 , 0.696608 , 0.721034 , 0.595913 , 0.568352 , 0.438410 , 0.586895 , 0.244424 , 0.107718 , 0.409373 , 0.267408 , 20.000000
0.061053 , 0.047340 , 0.230299 , 0.594107 , 0.296373 , 0.402434 , 0.441036 , 0.775938 , 0.432178 , 0.002056 , 0.908111 , 0.026591 , 30.000000
0.456102 , 0.733393 , 0.703626 , 0.552300 , 0.816988 , 0.896886 , 0.807142 , 0.657440 , 0.291728 , 0.034085 , 0.604194 , 0.659450 , 20.000000
0.398978 , 0.323884 , 0.415422 , 0.360345 , 0.395716 , 0.367549 , 0.278442 , 0.547830 , 0.296474 , 0.042676 , 0.468344 , 0.018139 , 30.000000
0.263420 , 0.128292 , 0.487441 , 0.773842 , 0.309268 , 0.256637 , 0.165834 , 0.565179 , 0.318077 , 0.002807 , 0.872104 , 0.005526 , 10.000000
0.449557 , 0.600273 , 0.619730 , 0.592886 , 0.650878 , 0.709053 , 0.636242 , 0.437962 , 0.178665 , 0.061155 , 0.397890 , 0.284767 , 20.000000
0.465055 , 0.645435 , 0.673388 , 0.492808 , 0.727124 , 0.755376 , 0.642930 , 0.449416 , 0.113269 , 0.096411 , 0.308958 , 0.402770 , 20.000000
0.338768 , 0.526630 , 0.622087 , 0.696791 , 0.646762 , 0.745605 , 0.706125 , 0.701442 , 0.467798 , 0.019434 , 0.653622 , 0.237241 , 30.000000
0.363509 , 0.335225 , 0.692897 , 0.804165 , 0.427733 , 0.430770 , 0.359978 , 0.631850 , 0.264385 , 0.048538 , 0.505920 , 0.114817 , 30.000000
0.583194 , 0.767028 , 0.762571 , 0.406104 , 0.733066 , 0.779936 , 0.681133 , 0.084998 , 0.115405 , 0.216616 , 0.303264 , 0.540277 , 20.000000
0.399119 , 0.479397 , 0.499999 , 0.619453 , 0.571402 , 0.596816 , 0.514243 , 0.586788 , 0.350393 , 0.005435 , 0.842589 , 0.139328 , 30.000000
0.383709 , 0.246920 , 0.473122 , 0.614007 , 0.279496 , 0.274007 , 0.226999 , 0.572881 , 0.267018 , 0.024778 , 0.632330 , 0.023145 , 30.000000
0.293941 , 0.226400 , 0.589432 , 0.848822 , 0.393065 , 0.361387 , 0.270023 , 0.614255 , 0.349751 , 0.013901 , 0.714535 , 0.059879 , 30.000000
0.540565 , 0.828818 , 0.730266 , 0.474723 , 0.924219 , 0.926977 , 0.753489 , 0.310300 , 0.051449 , 0.061491 , 0.397437 , 0.991938 , 30.000000
0.543319 , 0.451785 , 0.597550 , 0.427591 , 0.363026 , 0.367076 , 0.310447 , 0.394467 , 0.190742 , 0.048138 , 0.454017 , 0.091737 , 30.000000
0.405054 , 0.460081 , 0.676188 , 0.782107 , 0.550742 , 0.560536 , 0.469752 , 0.621119 , 0.436884 , 0.005619 , 0.841578 , 0.095898 , 10.000000
0.493740 , 0.284103 , 0.659516 , 0.459543 , 0.164916 , 0.184652 , 0.181440 , 0.551630 , 0.263908 , 0.025654 , 0.639914 , 0.053313 , 30.000000
0.307317 , 0.615204 , 0.240493 , 0.270927 , 0.786110 , 0.917514 , 0.875279 , 0.666597 , 0.546483 , 0.028245 , 0.578423 , 0.821013 , 30.000000
0.178497 , 0.489992 , 0.277516 , 0.403896 , 0.676591 , 0.901612 , 0.956751 , 0.594019 , 0.310055 , 0.032500 , 0.564032 , 0.664976 , 30.000000
0.000000 , 0.045926 , 0.054469 , 0.434449 , 0.358162 , 0.480368 , 0.519112 , 0.799066 , 0.585759 , 0.005489 , 0.829315 , 0.016319 , 30.000000
0.692190 , 0.930296 , 0.762659 , 0.247244 , 0.809536 , 0.877970 , 0.780606 , 0.549023 , 0.140057 , 0.412650 , 0.065359 , 0.972564 , 30.000000
0.285561 , 0.378941 , 0.356294 , 0.527949 , 0.569741 , 0.597435 , 0.517026 , 0.517473 , 0.268154 , 0.075466 , 0.413469 , 0.108966 , 20.000000
0.249553 , 0.335354 , 0.432963 , 0.814449 , 0.633552 , 0.580321 , 0.422109 , 0.609439 , 0.179873 , 0.229322 , 0.245915 , 0.193095 , 30.000000
0.479374 , 0.783229 , 0.475607 , 0.437350 , 0.975512 , 0.939914 , 0.725206 , 0.360806 , 0.121786 , 0.019321 , 0.647357 , 0.976009 , 30.000000
0.132533 , 0.332369 , 0.354538 , 0.623518 , 0.566504 , 0.729291 , 0.757446 , 0.495047 , 0.339869 , 0.034625 , 0.646848 , 0.113582 , 30.000000
0.616604 , 0.863547 , 0.744588 , 0.365619 , 0.833143 , 0.878556 , 0.757934 , 0.523541 , 0.106608 , 0.397574 , 0.135850 , 0.860932 , 30.000000
0.353045 , 0.471493 , 0.556405 , 0.761694 , 0.627379 , 0.645541 , 0.545623 , 0.548005 , 0.166788 , 0.153282 , 0.230777 , 0.135622 , 20.000000
0.320290 , 0.299038 , 0.639442 , 0.796132 , 0.368306 , 0.434025 , 0.425560 , 0.666223 , 0.422355 , 0.007678 , 0.837917 , 0.021000 , 30.000000
0.367824 , 0.273995 , 0.625411 , 0.675339 , 0.247151 , 0.334773 , 0.368808 , 0.517468 , 0.209481 , 0.015738 , 0.681242 , 0.025811 , 30.000000
0.371156 , 0.324470 , 0.567269 , 0.769174 , 0.411989 , 0.404879 , 0.329231 , 0.505826 , 0.334209 , 0.008257 , 0.774420 , 0.038814 , 10.000000
0.424225 , 0.677990 , 0.347943 , 0.383616 , 0.843468 , 0.856922 , 0.708644 , 0.494982 , 0.212140 , 0.059732 , 0.430005 , 0.563162 , 20.000000
0.661326 , 0.710050 , 0.672350 , 0.325649 , 0.544467 , 0.593463 , 0.535282 , 0.443855 , 0.156068 , 0.139308 , 0.326017 , 0.433847 , 30.000000
0.399215 , 0.683961 , 0.245779 , 0.198069 , 0.823972 , 0.898513 , 0.803048 , 0.777745 , 0.559923 , 0.025100 , 0.646505 , 0.853196 , 20.000000
0.597611 , 0.699972 , 0.796615 , 0.448404 , 0.623862 , 0.662103 , 0.578947 , 0.570075 , 0.237364 , 0.188810 , 0.476752 , 0.533190 , 30.000000
0.390676 , 0.383624 , 0.729293 , 0.795338 , 0.503462 , 0.466573 , 0.348263 , 0.577345 , 0.265009 , 0.075252 , 0.525154 , 0.126650 , 20.000000
0.309013 , 0.572781 , 0.543409 , 0.577327 , 0.782004 , 0.852699 , 0.762825 , 0.543013 , 0.075523 , 0.162545 , 0.207593 , 0.436318 , 30.000000
0.229205 , 0.435968 , 0.644617 , 0.830355 , 0.625484 , 0.755442 , 0.745203 , 0.620062 , 0.080996 , 0.200799 , 0.239632 , 0.459918 , 30.000000
0.313630 , 0.625873 , 0.336525 , 0.508169 , 0.940599 , 0.924981 , 0.733437 , 0.426980 , 0.153916 , 0.109291 , 0.337241 , 0.888239 , 30.000000
0.824360 , 0.872853 , 0.653143 , 0.083531 , 0.665466 , 0.619985 , 0.461375 , 0.390503 , 0.222710 , 0.107298 , 0.313248 , 0.199792 , 30.000000
0.308614 , 0.364086 , 0.608534 , 0.720634 , 0.454086 , 0.545304 , 0.539501 , 0.597370 , 0.278329 , 0.026216 , 0.585973 , 0.092712 , 30.000000
0.694480 , 0.905689 , 0.640635 , 0.215599 , 0.823526 , 0.838663 , 0.695845 , 0.461786 , 0.120257 , 0.296920 , 0.126124 , 0.843248 , 30.000000
0.610389 , 0.463044 , 0.614460 , 0.330745 , 0.320898 , 0.295780 , 0.224551 , 0.535989 , 0.282287 , 0.018614 , 0.664871 , 0.068916 , 30.000000
0.314134 , 0.381185 , 0.620057 , 0.838013 , 0.503178 , 0.563296 , 0.522521 , 0.537823 , 0.288583 , 0.018339 , 0.676877 , 0.073597 , 30.000000
0.179394 , 0.512796 , 0.539824 , 0.849818 , 0.837588 , 0.934081 , 0.853339 , 0.374400 , 0.034346 , 0.074656 , 0.325907 , 0.670633 , 20.000000
0.331379 , 0.615796 , 0.614340 , 0.826050 , 0.855584 , 0.886850 , 0.750297 , 0.604307 , 0.276949 , 0.049637 , 0.501083 , 0.579611 , 20.000000
0.472261 , 0.724849 , 0.561205 , 0.448355 , 0.802246 , 0.863101 , 0.761189 , 0.571011 , 0.175918 , 0.061948 , 0.425708 , 0.701515 , 20.000000
0.475749 , 0.754675 , 0.385696 , 0.225477 , 0.812773 , 0.902535 , 0.821538 , 0.581651 , 0.321367 , 0.041574 , 0.519902 , 0.887719 , 20.000000
0.383279 , 0.361728 , 0.680106 , 0.661899 , 0.414050 , 0.443964 , 0.397461 , 0.619954 , 0.332464 , 0.003249 , 0.869216 , 0.105975 , 10.000000
0.827070 , 0.948210 , 0.792871 , 0.167597 , 0.684457 , 0.727618 , 0.635886 , 0.486912 , 0.186958 , 0.234028 , 0.156456 , 0.587478 , 30.000000
0.743512 , 0.680745 , 0.767521 , 0.273710 , 0.404664 , 0.442506 , 0.404273 , 0.423172 , 0.144054 , 0.323892 , 0.199329 , 0.285287 , 20.000000
0.427828 , 0.444043 , 0.519355 , 0.424726 , 0.391237 , 0.507024 , 0.533814 , 0.535518 , 0.242953 , 0.014899 , 0.684514 , 0.082764 , 30.000000
0.466684 , 0.743064 , 0.722548 , 0.564118 , 0.814880 , 0.897287 , 0.809981 , 0.495537 , 0.125257 , 0.098857 , 0.395462 , 0.772707 , 20.000000
0.313364 , 0.557291 , 0.506966 , 0.635236 , 0.735941 , 0.824140 , 0.757753 , 0.527866 , 0.152332 , 0.092944 , 0.340383 , 0.605812 , 30.000000
0.320683 , 0.521528 , 0.525797 , 0.744044 , 0.692467 , 0.761781 , 0.689283 , 0.337485 , 0.098122 , 0.063837 , 0.377670 , 0.310058 , 30.000000
0.408273 , 0.304186 , 0.732738 , 0.728400 , 0.291708 , 0.326304 , 0.308790 , 0.563818 , 0.284693 , 0.022972 , 0.640660 , 0.070997 , 30.000000
0.439495 , 0.487727 , 0.634544 , 0.539365 , 0.497589 , 0.556186 , 0.515351 , 0.528742 , 0.233099 , 0.055347 , 0.440516 , 0.208569 , 20.000000
0.322547 , 0.175549 , 0.589765 , 0.776628 , 0.276957 , 0.248866 , 0.184330 , 0.572641 , 0.325431 , 0.009170 , 0.811065 , 0.018594 , 30.000000
0.368005 , 0.473074 , 0.530400 , 0.663074 , 0.604337 , 0.628266 , 0.537709 , 0.569478 , 0.322367 , 0.012897 , 0.691619 , 0.133086 , 30.000000
0.331918 , 0.571718 , 0.616669 , 0.593195 , 0.708681 , 0.821109 , 0.779698 , 0.448076 , 0.054809 , 0.160965 , 0.259966 , 0.621091 , 30.000000
0.614252 , 0.705248 , 0.668142 , 0.377787 , 0.619382 , 0.648077 , 0.558222 , 0.438315 , 0.208055 , 0.178327 , 0.261448 , 0.260971 , 30.000000
0.248124 , 0.241231 , 0.516156 , 0.846014 , 0.461525 , 0.443319 , 0.348585 , 0.544082 , 0.252136 , 0.060144 , 0.457817 , 0.067356 , 30.000000
0.288155 , 0.094482 , 0.338052 , 0.572043 , 0.260333 , 0.174332 , 0.066977 , 0.580484 , 0.311083 , 0.004650 , 0.837036 , 0.002666 , 10.000000
0.269442 , 0.117228 , 0.317493 , 0.582604 , 0.331733 , 0.232420 , 0.099695 , 0.568265 , 0.263652 , 0.014654 , 0.707278 , 0.007282 , 30.000000
0.718067 , 0.915124 , 0.506535 , 0.124171 , 0.782928 , 0.821670 , 0.706084 , 0.429524 , 0.148209 , 0.268125 , 0.123422 , 0.932449 , 30.000000
0.345383 , 0.108362 , 0.401604 , 0.574108 , 0.225409 , 0.119804 , 0.004000 , 0.550903 , 0.261591 , 0.008026 , 0.767810 , 0.003771 , 10.000000
0.609322 , 0.845705 , 0.515008 , 0.311554 , 0.842049 , 0.861773 , 0.718797 , 0.499000 , 0.159718 , 0.327232 , 0.105755 , 0.833886 , 30.000000
0.411507 , 0.586234 , 0.789754 , 0.738585 , 0.655275 , 0.738210 , 0.684267 , 0.615896 , 0.372871 , 0.034470 , 0.559921 , 0.292569 , 20.000000
