0.492478,0.710647,0.683020,0.473602,0.716033,0.815648,0.762488,0.373231,0.108976,0.100786,0.309757,0.537416,multiNube
0.455574,0.635336,0.628167,0.704911,0.766198,0.752901,0.599206,0.704594,0.535498,0.008215,0.792209,0.270269,nube
0.006771,0.007890,0.192122,0.700964,0.341630,0.415374,0.418825,0.738565,0.459876,0.000000,0.974229,0.012548,cieloDespejado
0.269442,0.117228,0.317493,0.582604,0.331733,0.232420,0.099695,0.568265,0.263652,0.014654,0.707278,0.007282,nube
0.529396,0.643873,0.791340,0.558754,0.593641,0.668740,0.621259,0.530757,0.114377,0.301776,0.229673,0.434107,nube
0.402162,0.181288,0.580557,0.618172,0.190351,0.152983,0.098913,0.572912,0.300625,0.006996,0.827319,0.020545,cieloDespejado
0.427956,0.373596,0.522680,0.547642,0.438745,0.402917,0.298810,0.327666,0.109704,0.135384,0.259093,0.028347,nube
0.369725,0.623196,0.400315,0.329382,0.786767,0.847510,0.748704,0.549520,0.282170,0.067847,0.399841,0.474416,multiNube
0.350555,0.571117,0.703591,0.706348,0.666292,0.795795,0.776771,0.482452,0.061043,0.206624,0.175813,0.477082,multiNube
0.747693,0.987185,0.591682,0.089167,0.903980,0.889160,0.705811,0.714336,0.444927,0.008635,0.800218,0.996229,nube
0.401516,0.457623,0.671930,0.691337,0.533348,0.561548,0.489054,0.411987,0.116085,0.035508,0.523448,0.093752,nube
0.361125,0.136784,0.528475,0.638218,0.200222,0.141106,0.067630,0.523127,0.259429,0.010622,0.787968,0.016124,cieloDespejado
0.322170,0.208867,0.473850,0.692345,0.351841,0.298518,0.198375,0.697968,0.294842,0.034922,0.615881,0.050387,nube
0.405959,0.475523,0.598904,0.559570,0.539054,0.582135,0.520348,0.723142,0.419296,0.007126,0.826795,0.089396,nube
0.293941,0.340295,0.525290,0.848180,0.598635,0.529432,0.365669,0.522729,0.249165,0.031793,0.531196,0.136337,nube
0.303291,0.150210,0.487627,0.690981,0.294883,0.236718,0.144464,0.564631,0.322842,0.003722,0.854723,0.009817,cieloDespejado
0.251609,0.583164,0.568812,0.822560,0.859493,0.943256,0.847826,0.710074,0.493394,0.009869,0.801059,0.646902,nube
0.650471,0.857887,0.693323,0.354807,0.802500,0.825815,0.693868,0.520667,0.047133,0.591394,0.031674,0.827514,nube
0.328173,0.636042,0.584832,0.625841,0.727660,0.920924,0.940158,0.402791,0.289110,0.045642,0.596619,0.646642,nube
0.598855,0.838645,0.597442,0.292990,0.824102,0.865077,0.742777,0.729498,0.545482,0.018803,0.675333,0.663936,nube
0.451132,0.537805,0.711424,0.551735,0.586083,0.614822,0.531873,0.335890,0.033349,0.136672,0.234851,0.401144,multiNube
0.193628,0.327698,0.514958,0.839866,0.588440,0.642325,0.578975,0.460479,0.180344,0.061170,0.390817,0.176256,nube
0.377346,0.325684,0.554041,0.704970,0.425879,0.398558,0.303902,0.480039,0.198188,0.058032,0.441235,0.063520,nube
0.214941,0.062988,0.482052,0.723230,0.217107,0.223824,0.199442,0.639136,0.292840,0.008220,0.745445,0.040570,nube
0.744700,0.716920,0.745016,0.321677,0.534428,0.494323,0.367053,0.498002,0.463502,0.153944,0.360350,0.214941,nube
0.418410,0.604717,0.660404,0.659375,0.747085,0.756433,0.624769,0.292641,0.030743,0.071647,0.380692,0.427475,nube
0.205749,0.249316,0.422871,0.608679,0.394420,0.510789,0.537387,0.534916,0.234989,0.030279,0.524865,0.031337,nube
0.420003,0.684233,0.463213,0.574720,0.923420,0.871668,0.654809,0.512506,0.166287,0.100244,0.319240,0.604577,multiNube
0.433042,0.624860,0.580948,0.643082,0.717716,0.766977,0.673252,0.547473,0.347549,0.019812,0.637335,0.313894,nube
0.542417,0.442217,0.683249,0.554373,0.382390,0.354141,0.267719,0.351907,0.160414,0.127458,0.253157,0.024251,nube
0.352248,0.548731,0.657609,0.671324,0.626930,0.760547,0.752933,0.246366,0.189760,0.358522,0.244976,0.403225,multiNube
0.399215,0.683961,0.245779,0.198069,0.823972,0.898513,0.803048,0.777745,0.559923,0.025100,0.646505,0.853196,multiNube
0.258107,0.594439,0.546889,0.715949,0.769171,0.951375,0.953208,0.710048,0.462304,0.012102,0.730082,0.611144,nube
0.097421,0.035195,0.000000,0.310656,0.373688,0.336849,0.245362,0.852683,0.570532,0.000312,0.985124,0.001495,cieloDespejado
0.316620,0.412026,0.521964,0.729797,0.622547,0.605542,0.478533,0.579204,0.113905,0.270807,0.229130,0.362330,nube
0.309612,0.388285,0.663446,0.776070,0.464516,0.579699,0.590884,0.638397,0.379180,0.013410,0.714438,0.076913,nube
0.222521,0.484767,0.407166,0.775475,0.871455,0.836201,0.643245,0.508093,0.109098,0.069427,0.380589,0.682986,nube
0.633474,0.531944,0.685130,0.446398,0.379159,0.367182,0.294424,0.709817,0.478843,0.255354,0.488613,0.201547,nube
0.246702,0.378426,0.692907,0.904411,0.619193,0.647608,0.557567,0.565764,0.120452,0.073559,0.448914,0.315974,nube
0.476718,0.784609,0.525009,0.552623,0.890479,0.945432,0.820596,0.547962,0.265983,0.038649,0.576572,0.992913,nube
0.129044,0.385515,0.375640,0.830297,0.751157,0.812278,0.721123,0.440265,0.147393,0.082282,0.401153,0.368962,nube
0.381800,0.540431,0.732388,0.788294,0.665390,0.709567,0.622581,0.550237,0.288576,0.043849,0.508904,0.388141,nube
0.472261,0.724849,0.561205,0.448355,0.802246,0.863101,0.761189,0.571011,0.175918,0.061948,0.425708,0.701515,multiNube
0.341627,0.285572,0.521085,0.723544,0.449795,0.386191,0.257620,0.538639,0.139707,0.061298,0.485079,0.089461,nube
0.336199,0.653103,0.610083,0.645715,0.778019,0.935577,0.915901,0.650046,0.150400,0.172765,0.217287,0.776087,multiNube
0.419986,0.733125,0.872428,0.720456,0.822622,0.943828,0.885911,0.361274,0.080998,0.057955,0.422571,0.792471,nube
0.563769,0.627461,0.667478,0.448325,0.606518,0.599473,0.483728,0.486498,0.191459,0.172281,0.257499,0.213250,nube
0.442766,0.262626,0.645499,0.527461,0.223682,0.219775,0.185550,0.467027,0.182566,0.028005,0.584666,0.058124,nube
0.372572,0.385319,0.607939,0.797353,0.543597,0.492803,0.355102,0.542179,0.317599,0.040149,0.492114,0.120863,nube
0.374304,0.646207,0.571209,0.662444,0.798646,0.875458,0.787034,0.776448,0.716044,0.012136,0.737584,0.374618,nube
0.557649,0.343237,0.595920,0.399855,0.125306,0.188138,0.227521,0.477647,0.212422,0.009226,0.723426,0.023991,cieloDespejado
0.630610,0.875010,0.669163,0.232117,0.814625,0.877112,0.773949,0.524460,0.164749,0.357038,0.093570,0.964242,nube
0.269400,0.172926,0.528974,0.778221,0.315118,0.314654,0.264308,0.560063,0.258010,0.009955,0.730576,0.049412,nube
0.721276,0.885810,0.642896,0.136496,0.785302,0.774212,0.618337,0.520797,0.298891,0.042048,0.467174,0.600871,nube
0.320683,0.521528,0.525797,0.744044,0.692467,0.761781,0.689283,0.337485,0.098122,0.063837,0.377670,0.310058,nube
0.570312,0.784792,0.492928,0.186423,0.804495,0.823030,0.686854,0.493343,0.235965,0.106363,0.305922,0.662441,multiNube
0.564596,0.536766,0.701946,0.475711,0.511852,0.464574,0.336235,0.554793,0.312239,0.012772,0.723497,0.135232,nube
0.627852,0.871749,0.483128,0.242199,0.890200,0.875915,0.695837,0.467150,0.246239,0.056454,0.430556,0.674859,multiNube
0.265139,0.555331,0.612819,0.723092,0.787240,0.884456,0.814682,0.330534,0.032728,0.080125,0.373924,0.570379,nube
0.327407,0.433562,0.511419,0.730818,0.596253,0.623180,0.536686,0.541083,0.145331,0.205115,0.220656,0.129966,multiNube
0.497329,0.455150,0.631074,0.467412,0.353349,0.432320,0.437526,0.528392,0.227039,0.012077,0.719499,0.087446,nube
0.548149,0.733385,0.770504,0.479567,0.700548,0.776230,0.707151,0.507522,0.377727,0.017321,0.740437,0.465184,nube
0.539892,0.482374,0.898858,0.598930,0.359611,0.416700,0.403138,0.672616,0.291467,0.182965,0.415200,0.289903,nube
0.385164,0.569708,0.611480,0.634075,0.703452,0.748355,0.654094,0.574040,0.304447,0.022268,0.618846,0.269748,multiNube
0.263936,0.515610,0.449617,0.518661,0.675429,0.827427,0.824484,0.535624,0.186674,0.108586,0.312460,0.403745,multiNube
0.434853,0.374957,0.645914,0.665223,0.395223,0.395884,0.329903,0.644844,0.397255,0.005038,0.866142,0.068266,nube
0.404450,0.640218,0.613026,0.570300,0.724101,0.827110,0.774995,0.593461,0.393684,0.014070,0.682961,0.427215,nube
0.395625,0.225207,0.693074,0.775056,0.259876,0.226353,0.161005,0.570292,0.377478,0.008468,0.811726,0.013848,cieloDespejado
0.146012,0.488679,0.541811,0.895841,0.811647,0.942251,0.894106,0.574379,0.056238,0.228566,0.145788,0.660035,nube
0.576110,0.428518,0.615105,0.380705,0.269570,0.289769,0.265326,0.540941,0.165256,0.150246,0.356933,0.203693,nube
0.390169,0.572747,0.689451,0.799266,0.748608,0.746280,0.604975,0.534371,0.202833,0.090387,0.365020,0.393017,nube
0.365601,0.587312,0.511153,0.604203,0.742960,0.799970,0.707224,0.347474,0.121365,0.047667,0.425648,0.391782,nube
0.285561,0.378941,0.356294,0.527949,0.569741,0.597435,0.517026,0.517473,0.268154,0.075466,0.413469,0.108966,multiNube
0.382101,0.401923,0.604246,0.645405,0.485077,0.504813,0.435522,0.584807,0.117571,0.179957,0.234583,0.188739,multiNube
0.306348,0.424102,0.787929,0.893669,0.578694,0.636823,0.578874,0.701208,0.332995,0.041785,0.609621,0.256810,nube
0.705805,0.896471,0.769942,0.221574,0.744108,0.810219,0.724505,0.614959,0.311212,0.018683,0.660627,0.710227,nube
0.610367,0.633516,0.627858,0.465791,0.627660,0.547331,0.368692,0.461828,0.262245,0.058750,0.453449,0.165334,nube
0.497831,0.679870,0.666754,0.624282,0.823465,0.763223,0.560214,0.461354,0.154845,0.119700,0.317774,0.487029,nube
0.298297,0.278341,0.534358,0.643473,0.354374,0.432315,0.436486,0.591635,0.157590,0.047311,0.557922,0.107145,nube
0.363509,0.335225,0.692897,0.804165,0.427733,0.430770,0.359978,0.631850,0.264385,0.048538,0.505920,0.114817,nube
0.262721,0.197954,0.625335,0.776433,0.273703,0.360336,0.388100,0.720777,0.320806,0.033514,0.599893,0.088486,nube
0.681557,0.881998,0.609636,0.136254,0.769918,0.820647,0.717321,0.607882,0.341690,0.029504,0.573634,0.768871,nube
0.515130,0.391351,0.523269,0.345875,0.284142,0.314855,0.295803,0.493376,0.217845,0.033023,0.521592,0.103634,multiNube
0.348916,0.287091,0.666567,0.681950,0.308974,0.378879,0.386003,0.404405,0.249917,0.028626,0.664733,0.097848,nube
0.176288,0.501206,0.316659,0.472367,0.693510,0.921053,0.974713,0.531007,0.241602,0.028927,0.557201,0.638385,nube
0.295900,0.550791,0.597103,0.706074,0.682783,0.837440,0.835102,0.625807,0.624313,0.036134,0.712884,0.316364,multiNube
0.610389,0.463044,0.614460,0.330745,0.320898,0.295780,0.224551,0.535989,0.282287,0.018614,0.664871,0.068916,nube
0.317987,0.519104,0.686486,0.823208,0.684476,0.761739,0.697238,0.560997,0.170230,0.124762,0.293211,0.264417,nube
0.317190,0.146137,0.428827,0.692334,0.312496,0.212491,0.083185,0.508089,0.261022,0.009000,0.765350,0.002146,cieloDespejado
0.340263,0.203306,0.667613,0.684936,0.222762,0.266599,0.270697,0.365609,0.221846,0.125787,0.591294,0.064430,nube
0.430684,0.699670,0.579496,0.433747,0.764835,0.880445,0.829987,0.614393,0.106847,0.521712,0.032425,0.753527,nube
0.452779,0.443906,0.683658,0.614168,0.450775,0.474120,0.414791,0.522224,0.227123,0.062797,0.454794,0.136142,nube
0.528042,0.807644,0.565413,0.215737,0.724894,0.912150,0.927158,0.598142,0.335315,0.044850,0.467091,0.998830,nube
0.397915,0.533369,0.479755,0.618867,0.720587,0.678026,0.510372,0.477201,0.201040,0.045969,0.513069,0.188414,multiNube
0.296096,0.169889,0.479048,0.527665,0.285125,0.275183,0.223457,0.554557,0.132860,0.055531,0.510916,0.098823,nube
0.334467,0.265782,0.694993,0.728025,0.299608,0.366377,0.372930,0.436215,0.277546,0.020513,0.800854,0.047591,nube
0.368224,0.592224,0.547773,0.683379,0.759605,0.803779,0.697346,0.339811,0.036547,0.190177,0.159136,0.441844,nube
0.381728,0.430407,0.635920,0.755824,0.580596,0.547327,0.415987,0.466130,0.219249,0.053990,0.482094,0.161498,nube
0.491756,0.491694,0.798900,0.623324,0.451424,0.493541,0.449071,0.320893,0.047468,0.269360,0.275104,0.158182,multiNube
0.254434,0.247089,0.509319,0.892411,0.520749,0.443693,0.289733,0.653311,0.254824,0.052704,0.485406,0.094662,nube
0.288155,0.094482,0.338052,0.572043,0.260333,0.174332,0.066977,0.580484,0.311083,0.004650,0.837036,0.002666,cieloDespejado
0.403835,0.651219,0.688228,0.652702,0.759967,0.844148,0.769593,0.520968,0.247093,0.054878,0.429375,0.553280,multiNube
0.361315,0.355250,0.604584,0.743874,0.506257,0.463193,0.339374,0.605460,0.146837,0.211291,0.277416,0.209414,multiNube
0.631045,0.492101,0.701913,0.447169,0.334983,0.311580,0.238812,0.247732,0.055746,0.120426,0.251624,0.040700,multiNube
0.561996,0.712249,0.579844,0.390210,0.775836,0.726897,0.542746,0.466062,0.158399,0.285518,0.181102,0.484624,nube
0.542738,0.749293,0.415928,0.291071,0.831137,0.806794,0.630874,0.510588,0.191681,0.233574,0.196686,0.719784,nube
0.302692,0.532824,0.501610,0.696445,0.769143,0.802029,0.684611,0.513765,0.118956,0.165762,0.306501,0.618620,nube
0.245012,0.422635,0.534423,0.855148,0.694528,0.715051,0.603158,0.523815,0.356751,0.011984,0.707864,0.220337,multiNube
0.631647,0.886405,0.719197,0.271167,0.834272,0.892565,0.781998,0.546593,0.228092,0.066266,0.412082,0.792991,nube
0.468450,0.557636,0.251364,0.000000,0.695939,0.621382,0.433261,0.812838,0.665006,0.033587,0.560710,0.153696,nube
0.316673,0.510365,0.504376,0.728475,0.680472,0.750568,0.681170,0.517584,0.147034,0.080726,0.340636,0.429946,nube
0.465318,0.624127,0.590297,0.342527,0.647027,0.723591,0.666262,0.467443,0.150898,0.144124,0.241054,0.448605,multiNube
0.342124,0.610082,0.518843,0.521401,0.711738,0.864336,0.854378,0.582349,0.216910,0.069665,0.379274,0.544633,multiNube
0.369038,0.600823,0.727914,0.707574,0.698074,0.815399,0.780089,0.606066,0.022519,0.354726,0.068544,0.558026,multiNube
0.299787,0.233957,0.512612,0.642861,0.347051,0.364874,0.322542,0.529176,0.174726,0.043572,0.513197,0.052012,multiNube
0.418723,0.539353,0.533563,0.680927,0.731464,0.659583,0.466266,0.434446,0.249662,0.021677,0.637614,0.200767,nube
0.308619,0.419528,0.640545,0.875122,0.639348,0.627099,0.500421,0.666217,0.160128,0.232953,0.249183,0.224368,nube
0.371156,0.324470,0.567269,0.769174,0.411989,0.404879,0.329231,0.505826,0.334209,0.008257,0.774420,0.038814,cieloDespejado
0.251679,0.476070,0.452321,0.621876,0.669305,0.785152,0.754600,0.554947,0.187294,0.045036,0.505714,0.410962,multiNube
0.614252,0.705248,0.668142,0.377787,0.619382,0.648077,0.558222,0.438315,0.208055,0.178327,0.261448,0.260971,nube
0.709464,0.436471,0.608150,0.299308,0.165394,0.126718,0.076756,0.530884,0.242292,0.006063,0.828497,0.031402,cieloDespejado
0.201276,0.367168,0.085906,0.255434,0.624788,0.690536,0.629158,0.750343,0.516115,0.013925,0.676104,0.020870,nube
0.330146,0.429561,0.666381,0.854652,0.602724,0.613687,0.513107,0.502348,0.212848,0.121268,0.279949,0.192640,multiNube
0.736573,0.972659,0.639799,0.224508,0.905031,0.882304,0.692424,0.407370,0.084764,0.488540,0.052656,0.978090,nube
0.720108,0.833537,0.790656,0.278753,0.692134,0.698618,0.576007,0.340201,0.122129,0.067172,0.376169,0.103049,nube
0.294756,0.232550,0.598806,0.783122,0.374787,0.369393,0.302793,0.593884,0.218242,0.060365,0.519667,0.074442,nube
0.524566,0.692519,0.746945,0.528251,0.660995,0.746845,0.694049,0.614621,0.358674,0.005707,0.802662,0.382095,nube
0.948180,0.733714,0.764243,0.067652,0.376477,0.252405,0.090671,0.534128,0.365465,0.128783,0.277870,0.017554,nube
0.390676,0.383624,0.729293,0.795338,0.503462,0.466573,0.348263,0.577345,0.265009,0.075252,0.525154,0.126650,multiNube
0.272790,0.438520,0.547977,0.839420,0.692908,0.702080,0.581457,0.557190,0.412981,0.015270,0.727298,0.207269,multiNube
0.336710,0.193214,0.677163,0.704170,0.187250,0.256367,0.287985,0.407206,0.244520,0.023014,0.793572,0.032183,nube
0.449557,0.600273,0.619730,0.592886,0.650878,0.709053,0.636242,0.437962,0.178665,0.061155,0.397890,0.284767,multiNube
0.311315,0.416295,0.601756,0.821205,0.572905,0.618795,0.552266,0.574252,0.400213,0.019380,0.686509,0.091411,nube
0.317190,0.146137,0.428827,0.692334,0.312496,0.212491,0.083185,0.508089,0.261022,0.009000,0.765350,0.002146,cieloDespejado
0.455909,0.749204,0.359710,0.162594,0.785287,0.920468,0.881419,0.623844,0.398501,0.076526,0.436196,0.928938,multiNube
0.351797,0.564331,0.618550,0.737676,0.738320,0.784156,0.683442,0.540833,0.148872,0.173280,0.209961,0.394968,nube
0.395542,0.717175,0.400235,0.446482,0.966627,0.952331,0.756472,0.425588,0.155551,0.026906,0.586044,0.977050,nube
0.353045,0.471493,0.556405,0.761694,0.627379,0.645541,0.545623,0.548005,0.166788,0.153282,0.230777,0.135622,multiNube
0.272325,0.332331,0.442699,0.794997,0.532713,0.546013,0.461750,0.565170,0.347440,0.015574,0.677668,0.075743,nube
0.318063,0.569133,0.610448,0.661230,0.750691,0.835454,0.763278,0.513200,0.024492,0.210889,0.126502,0.599506,nube
0.372492,0.238225,0.644132,0.776297,0.280989,0.275879,0.228866,0.624961,0.358651,0.010281,0.732384,0.027436,nube
0.324044,0.364670,0.635844,0.799026,0.507345,0.525942,0.451145,0.650151,0.347185,0.028792,0.606099,0.131786,nube
0.773960,0.506088,0.717723,0.204116,0.133776,0.144901,0.141239,0.489737,0.264847,0.025674,0.593079,0.052792,nube
0.243349,0.184129,0.472341,0.733074,0.341775,0.365329,0.328663,0.560854,0.225730,0.034642,0.523380,0.040374,nube
0.360049,0.253975,0.605505,0.750639,0.340666,0.315427,0.240020,0.638414,0.206007,0.076396,0.487258,0.078994,nube
0.202377,0.087607,0.310642,0.630435,0.260315,0.276617,0.250972,0.649716,0.339140,0.012298,0.705903,0.010077,nube
0.394551,0.669347,0.762754,0.849669,0.845925,0.883063,0.753193,0.718478,0.552013,0.061371,0.503744,0.448865,nube
0.273956,0.430106,0.600065,0.820956,0.664675,0.688138,0.584756,0.477247,0.134747,0.060709,0.408086,0.241792,nube
0.692190,0.930296,0.762659,0.247244,0.809536,0.877970,0.780606,0.549023,0.140057,0.412650,0.065359,0.972564,nube
0.337922,0.637511,0.435245,0.399667,0.680868,0.910314,0.968104,0.884068,0.747259,0.001943,0.933574,0.694103,nube
0.373726,0.273578,0.526859,0.724345,0.404395,0.326423,0.195748,0.580259,0.329399,0.018803,0.673886,0.069696,nube
0.597315,0.831867,0.741298,0.402935,0.822550,0.857095,0.729980,0.816467,0.714372,0.011192,0.800436,0.541967,nube
0.252305,0.218943,0.340010,0.584477,0.386973,0.404956,0.354513,0.585281,0.312329,0.021627,0.697762,0.007737,nube
0.528816,0.663981,0.677544,0.508087,0.687929,0.699168,0.581224,0.393747,0.209957,0.071574,0.394440,0.139848,multiNube
0.376985,0.556654,0.500683,0.651075,0.770998,0.739814,0.570842,0.419483,0.178763,0.058841,0.414625,0.239776,multiNube
0.360292,0.599517,0.566757,0.647107,0.738795,0.824936,0.756315,0.801433,0.635148,0.006544,0.827988,0.333463,nube
0.276526,0.522087,0.436320,0.688262,0.857361,0.820481,0.629136,0.446105,0.022408,0.205365,0.135679,0.631363,nube
0.195659,0.258626,0.452539,0.846673,0.532908,0.537751,0.446692,0.564082,0.209446,0.036397,0.516346,0.075938,nube
0.409730,0.741203,0.442381,0.290032,0.834975,0.969188,0.919109,0.672627,0.457343,0.022489,0.635851,0.989988,nube
0.350216,0.436456,0.632164,0.788021,0.667766,0.597555,0.418720,0.479329,0.199169,0.073321,0.403912,0.184578,nube
0.649338,0.368840,0.661166,0.396592,0.144362,0.105739,0.060160,0.561678,0.232329,0.051546,0.652357,0.080099,nube
0.647552,0.392490,0.647340,0.325735,0.091944,0.142974,0.179818,0.467992,0.186777,0.011003,0.718186,0.039464,cieloDespejado
0.393813,0.559945,0.467689,0.557747,0.663278,0.722614,0.648171,0.534437,0.138025,0.139335,0.282256,0.577336,nube
0.391044,0.667482,0.389840,0.423247,0.824392,0.884909,0.778156,0.725710,0.524583,0.006552,0.805618,0.537416,nube
0.380343,0.430380,0.630075,0.797357,0.557253,0.549103,0.442643,0.533649,0.389722,0.008907,0.770664,0.053378,nube
0.369302,0.468894,0.718046,0.808377,0.632772,0.620399,0.494979,0.558622,0.201317,0.211964,0.301666,0.268708,nube
0.228989,0.521036,0.478280,0.787664,0.808718,0.881237,0.787306,0.530963,0.095328,0.069677,0.365626,0.578701,multiNube
0.195406,0.048387,0.466780,0.697934,0.148829,0.227886,0.275374,0.620474,0.342488,0.003821,0.850753,0.032573,cieloDespejado
0.366511,0.626450,0.676262,0.833346,0.817726,0.856523,0.733798,0.724806,0.569107,0.061268,0.471404,0.398089,nube
0.677862,0.918080,0.498245,0.181054,0.919245,0.878726,0.671701,0.490480,0.169698,0.320202,0.098931,0.974969,nube
0.393793,0.273855,0.635014,0.643146,0.289471,0.300530,0.264681,0.535409,0.282038,0.011187,0.746926,0.025616,nube
0.626720,0.587031,0.655946,0.384061,0.455083,0.457313,0.380231,0.579993,0.392475,0.017324,0.707709,0.131916,nube
0.439495,0.487727,0.634544,0.539365,0.497589,0.556186,0.515351,0.528742,0.233099,0.055347,0.440516,0.208569,multiNube
0.679421,0.699402,0.611146,0.333306,0.616694,0.554035,0.391772,0.498343,0.284501,0.026081,0.623548,0.136792,nube
0.552619,0.361926,0.702968,0.466241,0.254308,0.222305,0.159320,0.588028,0.247751,0.046172,0.553964,0.076718,nube
0.300618,0.378674,0.485415,0.770852,0.601621,0.577307,0.448781,0.453220,0.137634,0.042524,0.474395,0.108511,nube
0.168543,0.214268,0.459993,0.736419,0.412254,0.507844,0.514165,0.603128,0.283632,0.022781,0.603714,0.038879,nube
0.328798,0.340212,0.516085,0.763419,0.497513,0.483624,0.384912,0.543044,0.313096,0.017716,0.699855,0.022365,nube
0.323717,0.336377,0.578991,0.817339,0.516266,0.484625,0.367863,0.421427,0.221748,0.017674,0.660299,0.076588,nube
0.646261,0.751554,0.498145,0.218620,0.765177,0.674446,0.459116,0.306230,0.132746,0.103914,0.289429,0.123659,multiNube
0.329975,0.333533,0.519642,0.736063,0.474656,0.472227,0.387384,0.543671,0.258769,0.020899,0.607589,0.060464,nube
0.421337,0.607105,0.434776,0.376234,0.709022,0.756121,0.662463,0.483729,0.269589,0.031786,0.503993,0.351343,nube
0.293941,0.226400,0.589432,0.848822,0.393065,0.361387,0.270023,0.614255,0.349751,0.013901,0.714535,0.059879,nube
0.120716,0.080904,0.393046,0.787206,0.335111,0.373758,0.350522,0.758731,0.353757,0.027463,0.738016,0.047266,nube
0.472687,0.394757,0.669965,0.704521,0.351731,0.375509,0.336967,0.481335,0.176208,0.126796,0.415930,0.059424,nube
0.249137,0.411907,0.622441,0.859106,0.606369,0.693815,0.653569,0.605724,0.190299,0.123657,0.295190,0.226188,multiNube
0.263420,0.128292,0.487441,0.773842,0.309268,0.256637,0.165834,0.565179,0.318077,0.002807,0.872104,0.005526,cieloDespejado
0.445586,0.565722,0.527955,0.571170,0.693983,0.663280,0.510588,0.497992,0.250865,0.014266,0.676991,0.081984,nube
0.253358,0.570424,0.536577,0.774115,0.798064,0.922166,0.871632,0.678961,0.484622,0.022479,0.599006,0.656459,multiNube
0.188803,0.235559,0.286121,0.619824,0.482943,0.512702,0.451857,0.386136,0.172178,0.033168,0.544713,0.002471,nube
0.459974,0.694977,0.614979,0.668261,0.796671,0.835131,0.716483,0.594985,0.301079,0.067694,0.471453,0.423900,nube
0.547967,0.259353,0.640565,0.426534,0.088450,0.077061,0.064772,0.429172,0.163469,0.030348,0.539634,0.027566,nube
0.246983,0.540704,0.523114,0.739017,0.870404,0.886672,0.735083,0.506209,0.109589,0.066676,0.424422,0.664326,multiNube
0.459869,0.184091,0.633965,0.475048,0.028956,0.081485,0.132524,0.495426,0.210986,0.013606,0.675951,0.034783,cieloDespejado
0.560839,0.798828,0.622154,0.337585,0.808456,0.856156,0.742455,0.434089,0.163501,0.024138,0.587003,0.777388,nube
0.456102,0.733393,0.703626,0.552300,0.816988,0.896886,0.807142,0.657440,0.291728,0.034085,0.604194,0.659450,multiNube
0.447195,0.245986,0.585102,0.519302,0.186312,0.189418,0.168508,0.687404,0.271174,0.044259,0.623706,0.079384,nube
0.322547,0.175549,0.589765,0.776628,0.276957,0.248866,0.184330,0.572641,0.325431,0.009170,0.811065,0.018594,nube
0.322758,0.509138,0.336119,0.259278,0.632665,0.740781,0.711617,0.581509,0.304176,0.179559,0.243948,0.366946,nube
0.266791,0.507728,0.508126,0.822314,0.784628,0.812056,0.687083,0.510162,0.107486,0.090892,0.372833,0.577726,nube
0.347137,0.525527,0.689111,0.727696,0.654185,0.733010,0.676009,0.517049,0.112439,0.098126,0.349221,0.453677,multiNube
0.282692,0.396021,0.682895,0.883752,0.601901,0.626396,0.536795,0.456398,0.211845,0.015304,0.664852,0.163839,nube
0.422861,0.369677,0.664773,0.692222,0.407248,0.403812,0.332078,0.616539,0.361959,0.005626,0.852928,0.088096,nube
0.317819,0.206750,0.543221,0.771649,0.347449,0.301098,0.207431,0.666483,0.222786,0.089268,0.537137,0.059749,nube
0.616604,0.863547,0.744588,0.365619,0.833143,0.878556,0.757934,0.523541,0.106608,0.397574,0.135850,0.860932,nube
0.383012,0.670806,0.418061,0.397179,0.717716,0.900339,0.913127,0.844758,0.760848,0.003482,0.916954,0.688902,nube
0.324831,0.360947,0.536737,0.808773,0.544162,0.519415,0.402402,0.485473,0.238984,0.033479,0.511312,0.120863,nube
0.354291,0.260284,0.597963,0.726642,0.335113,0.332282,0.275918,0.678387,0.223114,0.111997,0.522175,0.112151,nube
0.310098,0.608762,0.457041,0.683308,0.914782,0.904364,0.722302,0.621172,0.298647,0.014575,0.742486,0.651973,nube
0.182623,0.287442,0.559540,0.857230,0.497232,0.597352,0.589753,0.607729,0.294629,0.008318,0.775382,0.114752,nube
0.458274,0.694530,0.720249,0.731815,0.803848,0.836699,0.712090,0.624829,0.464574,0.044941,0.535194,0.505494,nube
0.197897,0.457746,0.487636,0.873674,0.784176,0.828608,0.717310,0.600799,0.140161,0.246532,0.239953,0.437033,nube
0.412452,0.639173,0.699293,0.663798,0.710078,0.815081,0.767452,0.637250,0.364242,0.045495,0.480334,0.400689,multiNube
0.396510,0.325018,0.637629,0.582466,0.326163,0.372458,0.357177,0.398922,0.281128,0.133585,0.457775,0.149340,nube
0.288831,0.519571,0.592046,0.761549,0.705626,0.800642,0.745956,0.588241,0.086319,0.335506,0.138161,0.470451,nube
0.378576,0.606570,0.513608,0.546314,0.720750,0.811378,0.750067,0.532993,0.286587,0.051720,0.403147,0.363175,nube
0.399785,0.158792,0.649920,0.608051,0.156487,0.122909,0.078855,0.566103,0.237900,0.019704,0.697031,0.062285,multiNube
0.568193,0.565039,0.595023,0.318771,0.469691,0.501574,0.445160,0.479766,0.106342,0.271033,0.155938,0.257851,multiNube
0.453373,0.597025,0.710376,0.634462,0.697512,0.699260,0.571756,0.432551,0.088403,0.241571,0.166877,0.414797,multiNube
0.465685,0.499246,0.607117,0.601561,0.538464,0.538856,0.443096,0.547702,0.227131,0.092985,0.387420,0.231844,multiNube
0.357974,0.301939,0.706885,0.717682,0.287033,0.388914,0.426105,0.517451,0.394665,0.127888,0.641131,0.127040,multiNube
0.401695,0.601013,0.617863,0.688613,0.767908,0.772877,0.633417,0.676565,0.410246,0.012404,0.728005,0.260776,nube
0.108517,0.168289,0.066166,0.443022,0.490236,0.518677,0.455274,0.702019,0.435872,0.015957,0.754609,0.004941,nube
0.673276,0.872019,0.493819,0.153256,0.817907,0.816777,0.662127,0.514687,0.262288,0.043697,0.495590,0.561602,multiNube
0.381460,0.433466,0.711989,0.824160,0.534351,0.552193,0.471220,0.573220,0.356750,0.008389,0.769001,0.090176,nube
0.383709,0.246920,0.473122,0.614007,0.279496,0.274007,0.226999,0.572881,0.267018,0.024778,0.632330,0.023145,nube
0.293057,0.170019,0.422069,0.595345,0.261898,0.279358,0.254311,0.621065,0.238663,0.033386,0.572366,0.046096,nube
0.586172,0.883751,0.399321,0.186856,0.871146,0.948252,0.845099,0.589404,0.342145,0.016634,0.674762,0.977375,nube
0.268738,0.393391,0.412778,0.716308,0.615644,0.640805,0.548899,0.460070,0.231011,0.013439,0.684579,0.107600,nube
0.066190,0.000000,0.079889,0.402333,0.310114,0.325854,0.289482,0.837934,0.508651,0.002083,0.931537,0.011053,nube
0.357755,0.425930,0.383021,0.573528,0.579153,0.572143,0.462074,0.607816,0.358254,0.044936,0.470615,0.132956,nube
0.356834,0.520214,0.566527,0.757714,0.756947,0.712461,0.535764,0.488438,0.108972,0.180526,0.202680,0.398219,nube
0.566337,0.450426,0.668342,0.378592,0.304080,0.334902,0.311822,0.389632,0.165629,0.058586,0.455932,0.049737,nube
0.600386,0.778879,0.731310,0.404709,0.762340,0.774889,0.642632,0.817498,0.849300,0.009786,0.813151,0.305442,nube
0.392234,0.724111,1.000000,0.881608,0.914451,0.966902,0.835119,0.412472,0.264895,0.029266,0.618349,0.823223,nube
0.061053,0.047340,0.230299,0.594107,0.296373,0.402434,0.441036,0.775938,0.432178,0.002056,0.908111,0.026591,nube
0.273905,0.341019,0.611425,0.847232,0.524704,0.556762,0.489133,0.431914,0.221857,0.015940,0.687312,0.044145,nube
0.349848,0.257981,0.594231,0.772718,0.380067,0.334707,0.235099,0.483952,0.172117,0.027931,0.584716,0.039009,nube
0.541684,0.774086,0.621483,0.584213,0.888899,0.844756,0.641100,0.622396,0.269642,0.168893,0.326276,0.641506,nube
0.676004,0.925318,0.502793,0.155575,0.910748,0.891840,0.703830,0.449122,0.145559,0.204207,0.173200,0.990443,nube
0.425926,0.531181,0.715163,0.751978,0.621627,0.638086,0.537994,0.662866,0.364926,0.106287,0.431020,0.211950,multiNube
0.413670,0.456058,0.696514,0.617974,0.451434,0.543309,0.538578,0.439072,0.346986,0.033354,0.658090,0.100709,nube
0.127812,0.082522,0.191219,0.397909,0.322075,0.366844,0.351189,0.789154,0.456535,0.001673,0.952891,0.021325,cieloDespejado
0.337576,0.407382,0.638879,0.851104,0.585809,0.571225,0.453733,0.626612,0.188414,0.107183,0.398715,0.243092,nube
0.485944,0.727355,0.599152,0.637512,0.850683,0.848864,0.686900,0.634824,0.476384,0.011648,0.769542,0.420519,nube
0.416085,0.632432,0.580097,0.568419,0.697239,0.800374,0.753903,0.413567,0.108402,0.132768,0.247095,0.472921,multiNube
0.498457,0.779849,0.451152,0.364027,0.943365,0.909917,0.703561,0.522866,0.234550,0.018025,0.696869,0.944997,nube
0.307317,0.615204,0.240493,0.270927,0.786110,0.917514,0.875279,0.666597,0.546483,0.028245,0.578423,0.821013,nube
0.228787,0.307158,0.651988,0.861082,0.449607,0.565936,0.581114,0.467545,0.210340,0.022128,0.651778,0.067681,multiNube
0.344866,0.498679,0.780465,0.820906,0.579591,0.696374,0.685084,0.714907,0.381175,0.045473,0.575503,0.274299,multiNube
0.477158,0.659380,0.878543,0.660547,0.705291,0.760087,0.673346,0.621032,0.165767,0.256737,0.224715,0.415058,multiNube
0.331918,0.571718,0.616669,0.593195,0.708681,0.821109,0.779698,0.448076,0.054809,0.160965,0.259966,0.621091,nube
0.375307,0.615256,0.642662,0.779724,0.798038,0.828479,0.703144,0.686184,0.475131,0.010770,0.753371,0.331578,nube
0.590935,0.766919,0.741064,0.404209,0.682120,0.769629,0.713798,0.518537,0.178191,0.244027,0.168511,0.456342,nube
0.412829,0.575015,0.723441,0.776109,0.758243,0.719925,0.547886,0.430414,0.148358,0.120519,0.332062,0.487680,nube
0.538533,0.620869,0.455631,0.377470,1.000000,0.622823,0.130250,0.382499,0.217275,0.098131,0.295460,0.161238,nube
0.502900,0.261240,0.697971,0.554113,0.127931,0.138913,0.136342,0.558056,0.264611,0.006206,0.829080,0.055198,cieloDespejado
0.428622,0.714474,0.432051,0.446997,0.838906,0.904990,0.799688,0.496230,0.177976,0.096416,0.271421,0.756973,multiNube
0.251354,0.002778,0.384222,0.482689,0.110626,0.087263,0.060834,0.614958,0.306505,0.004034,0.873697,0.020155,cieloDespejado
0.408904,0.603866,0.744271,0.771541,0.691606,0.767637,0.700681,0.585424,0.305270,0.052417,0.466370,0.403420,multiNube
0.579338,0.658555,0.560753,0.297545,0.746698,0.624945,0.388652,0.433631,0.148747,0.152926,0.209276,0.161368,multiNube
0.473282,0.396292,0.549684,0.461768,0.346481,0.376995,0.344917,0.527145,0.217614,0.025426,0.559093,0.108055,multiNube
0.443473,0.709742,0.657670,0.680962,0.883004,0.878544,0.707799,0.556885,0.253040,0.057332,0.493663,0.726871,multiNube
0.323495,0.323128,0.375399,0.548909,0.540015,0.465369,0.309358,0.378388,0.077995,0.088448,0.339165,0.072622,nube
0.178497,0.489992,0.277516,0.403896,0.676591,0.901612,0.956751,0.594019,0.310055,0.032500,0.564032,0.664976,nube
0.724386,0.956182,0.680389,0.239827,0.899690,0.873966,0.682794,0.341728,0.141298,0.068531,0.390527,0.861127,multiNube
0.712646,0.961707,0.487497,0.080734,0.870866,0.897505,0.754102,0.544536,0.327048,0.032775,0.541009,0.998115,nube
0.256188,0.382941,0.399441,0.699730,0.606643,0.641836,0.559799,0.453340,0.217769,0.011871,0.695046,0.112151,nube
0.080197,0.306616,0.024013,0.343165,0.687690,0.759891,0.690684,0.935786,0.798816,0.005764,0.870710,0.062805,nube
0.334106,0.616301,0.229549,0.281216,0.797259,0.884020,0.803828,0.641467,0.441919,0.028319,0.559319,0.646967,nube
0.343751,0.334803,0.600276,0.796240,0.432785,0.456045,0.400360,0.592342,0.338902,0.009638,0.758932,0.064235,nube
0.352494,0.482513,0.663893,0.746621,0.595279,0.662523,0.608431,0.516519,0.125507,0.201925,0.310097,0.377284,multiNube
0.497223,0.632193,0.631798,0.581111,0.724974,0.693675,0.534110,0.514467,0.160934,0.181262,0.280205,0.605552,nube
0.240500,0.231965,0.296368,0.572235,0.417314,0.439642,0.386407,0.574317,0.292518,0.019063,0.687985,0.004226,nube
0.465852,0.708506,0.692374,0.523481,0.716555,0.847387,0.819050,0.400262,0.372055,0.078143,0.515734,0.466940,multiNube
0.333732,0.596858,0.426012,0.365960,0.777553,0.855824,0.772919,0.560698,0.305197,0.046624,0.463670,0.577011,nube
0.295624,0.501579,0.646369,0.779983,0.629258,0.765193,0.758950,0.587986,0.258959,0.038583,0.524250,0.379169,multiNube
0.453345,0.286983,0.672628,0.706935,0.288617,0.241847,0.159986,0.650104,0.264345,0.107286,0.529706,0.092777,nube
0.462364,0.733618,0.397923,0.137667,0.803663,0.889011,0.806368,0.753872,0.519979,0.016676,0.699897,0.987907,nube
0.383279,0.361728,0.680106,0.661899,0.414050,0.443964,0.397461,0.619954,0.332464,0.003249,0.869216,0.105975,cieloDespejado
0.658940,0.917700,0.537759,0.204236,0.821896,0.902966,0.813144,0.487884,0.220397,0.024785,0.620098,0.988622,nube
0.368891,0.658173,0.618419,0.605632,0.722192,0.900209,0.908395,0.388396,0.074938,0.070813,0.338647,0.732722,multiNube
0.259880,0.291047,0.487479,0.837235,0.557347,0.501413,0.356769,0.682980,0.264030,0.098924,0.344245,0.075678,nube
0.343535,0.570324,0.597565,0.794916,0.798048,0.803826,0.658791,0.499531,0.108481,0.088122,0.352788,0.490995,nube
0.276176,0.635346,0.667244,0.746468,0.828544,0.988047,0.959496,0.489044,0.121168,0.062399,0.534267,0.923932,nube
0.416057,0.294021,0.498671,0.503271,0.268188,0.301102,0.287101,0.584911,0.299741,0.001649,0.878702,0.041935,cieloDespejado
0.434472,0.715861,0.660474,0.690809,0.842194,0.899368,0.786272,0.636602,0.357379,0.110883,0.311466,0.524608,nube
0.584086,0.860780,0.691127,0.305521,0.828141,0.917093,0.832278,0.413636,0.158561,0.084240,0.369445,0.983941,nube
0.331348,0.251381,0.428953,0.611192,0.310239,0.349217,0.331379,0.485747,0.192366,0.025504,0.614555,0.033743,nube
0.075368,0.098422,0.506011,0.926393,0.384432,0.459041,0.454348,0.615289,0.368912,0.058306,0.695922,0.106495,nube
0.338768,0.526630,0.622087,0.696791,0.646762,0.745605,0.706125,0.701442,0.467798,0.019434,0.653622,0.237241,nube
0.390933,0.466587,0.678765,0.746548,0.543362,0.588644,0.527726,0.488667,0.195944,0.019039,0.652962,0.137897,multiNube
0.447904,0.579312,0.738317,0.577633,0.570964,0.680293,0.664832,0.429826,0.069180,0.065268,0.401288,0.509200,multiNube
0.379754,0.378406,0.623343,0.589005,0.375266,0.473190,0.489009,0.563937,0.206864,0.049421,0.491621,0.157857,multiNube
0.312638,0.139768,0.421592,0.685049,0.291776,0.209060,0.097838,0.498696,0.250760,0.008080,0.761628,0.001105,cieloDespejado
0.362192,0.387543,0.404839,0.551242,0.554972,0.509690,0.374044,0.557284,0.186550,0.089702,0.393866,0.191080,nube
0.401060,0.696177,0.441033,0.356622,0.854300,0.914118,0.800634,0.461937,0.187432,0.054979,0.414510,0.948963,nube
0.253507,0.221549,0.416527,0.729102,0.430928,0.407226,0.314418,0.694617,0.264017,0.091567,0.521033,0.087511,nube
0.333870,0.366191,0.498386,0.769514,0.566193,0.515307,0.372870,0.550999,0.371161,0.011695,0.755047,0.076263,nube
0.443873,0.740929,0.695738,0.580519,0.819593,0.924033,0.853352,0.514890,0.061222,0.187443,0.186774,0.685716,nube
0.319815,0.361999,0.518131,0.789849,0.581016,0.527542,0.379979,0.486793,0.260042,0.022413,0.639327,0.027697,nube
0.432774,0.688296,0.571487,0.519714,0.821587,0.860925,0.737836,0.276777,0.039344,0.082299,0.297837,0.735193,multiNube
0.343056,0.227628,0.382942,0.565661,0.416865,0.298825,0.133573,0.535150,0.175919,0.035862,0.563240,0.019765,nube
0.465055,0.645435,0.673388,0.492808,0.727124,0.755376,0.642930,0.449416,0.113269,0.096411,0.308958,0.402770,multiNube
0.349834,0.632039,0.505386,0.536183,0.748120,0.886627,0.857906,0.621242,0.338820,0.035798,0.508035,0.781159,multiNube
0.384851,0.396654,0.705604,0.706382,0.454437,0.493434,0.445849,0.637375,0.278573,0.134390,0.431946,0.135687,nube
0.325718,0.300702,0.618655,0.702854,0.341358,0.429366,0.444264,0.668395,0.413419,0.003715,0.845077,0.081854,nube
0.245263,0.171334,0.399060,0.657053,0.397734,0.343942,0.233952,0.641719,0.261349,0.020197,0.685929,0.064495,nube
0.000000,0.045926,0.054469,0.434449,0.358162,0.480368,0.519112,0.799066,0.585759,0.005489,0.829315,0.016319,nube
0.155410,0.303449,0.322601,0.765733,0.607285,0.656637,0.585777,0.635073,0.233826,0.117584,0.340834,0.252519,nube
0.081721,0.045024,0.300692,0.722755,0.325563,0.371928,0.356828,0.679460,0.353370,0.008637,0.832540,0.020415,nube
0.323824,0.461970,0.526905,0.756228,0.660607,0.669791,0.555844,0.507563,0.179093,0.082940,0.392846,0.225863,multiNube
0.452446,0.331466,0.669298,0.519680,0.223014,0.308657,0.346091,0.331946,0.213698,0.044229,0.596517,0.102789,nube
0.544915,0.851005,0.751345,0.431151,0.877326,0.954011,0.849246,0.293675,0.066121,0.056822,0.421596,0.971653,multiNube
0.564598,0.669040,0.671162,0.534537,0.713922,0.659735,0.484170,0.490448,0.299556,0.055524,0.485336,0.207399,nube
0.435602,0.685642,0.506007,0.574244,0.820273,0.853301,0.725445,0.463069,0.073352,0.165109,0.198791,0.625252,nube
0.508217,0.801749,0.509303,0.412729,0.813261,0.929436,0.869434,0.954468,0.958126,0.002145,0.941359,0.807165,nube
0.557766,0.759418,0.449767,0.320355,0.839300,0.802036,0.614112,0.734500,0.600296,0.021868,0.699731,0.434367,multiNube
0.619017,0.496203,0.659515,0.319751,0.306331,0.333397,0.306852,0.492318,0.224091,0.034615,0.555596,0.068591,nube
0.567420,0.804630,0.708484,0.367352,0.734096,0.856091,0.817076,0.364459,0.113698,0.123611,0.302694,0.771016,nube
0.561959,0.860859,0.672196,0.479696,0.957793,0.946211,0.754341,0.376069,0.120273,0.011251,0.714577,0.991158,nube
0.344966,0.366668,0.548181,0.740384,0.595787,0.501467,0.318232,0.402120,0.092983,0.089226,0.370242,0.113062,multiNube
0.374206,0.527743,0.557125,0.684884,0.695264,0.700800,0.576786,0.307120,0.065309,0.055435,0.403390,0.303036,nube
0.427908,0.717723,0.510002,0.433451,0.909275,0.910720,0.739269,0.567850,0.087471,0.292091,0.111413,0.878096,nube
0.474467,0.716079,0.515735,0.556096,0.881080,0.847269,0.653479,0.488560,0.223605,0.079293,0.354368,0.546193,multiNube
0.704556,0.885177,0.755680,0.285449,0.824124,0.795193,0.617056,0.590669,0.096086,0.686475,0.006350,0.721605,nube
0.531513,0.612641,0.749948,0.518655,0.540987,0.619885,0.586306,0.566370,0.355123,0.041662,0.517826,0.189975,multiNube
0.410223,0.695951,0.621222,0.672093,0.845137,0.901775,0.787643,0.525369,0.190172,0.145670,0.236481,0.540017,nube
0.362549,0.618874,0.525835,0.551560,0.781849,0.850538,0.759092,0.511847,0.159736,0.093108,0.279637,0.501203,multiNube
0.226055,0.091563,0.474547,0.737820,0.237968,0.251419,0.228109,0.684082,0.316037,0.012522,0.792358,0.057929,multiNube
0.452651,0.768645,0.485291,0.316374,0.819092,0.953422,0.906717,0.869738,0.627855,0.000275,1.000000,0.999285,nube
0.621061,0.879081,0.611555,0.218681,0.851459,0.895633,0.770242,0.495408,0.140604,0.605339,0.020334,0.976529,nube
0.467705,0.664100,0.515864,0.550097,0.733498,0.779441,0.679809,0.754616,0.641394,0.008412,0.836354,0.273974,nube
0.502090,0.664242,0.547835,0.579584,0.773921,0.734583,0.558495,0.569886,0.385355,0.018330,0.666470,0.228984,nube
0.151264,0.107276,0.135672,0.455394,0.445552,0.372629,0.237490,0.528977,0.260377,0.040541,0.561666,0.003056,nube
0.520650,0.628355,0.547149,0.319253,0.693486,0.657308,0.500346,0.378691,0.119460,0.074403,0.346489,0.139848,nube
0.354341,0.320553,0.402784,0.572314,0.496709,0.421139,0.273329,0.445209,0.179251,0.063184,0.395405,0.012093,nube
0.697204,0.951372,0.628792,0.189491,0.804052,0.902495,0.830231,0.475905,0.220459,0.028645,0.587772,0.996034,nube
0.398088,0.746996,0.482283,0.335788,0.797099,0.992995,1.000000,0.531770,0.263006,0.074639,0.346316,1.000000,nube
0.319616,0.371874,0.622346,0.869395,0.602388,0.542374,0.385176,0.505407,0.315687,0.010745,0.768574,0.052792,nube
0.245624,0.178071,0.479574,0.619613,0.261872,0.353407,0.387528,0.572115,0.267609,0.017032,0.648092,0.040570,nube
0.291322,0.226330,0.561357,0.685007,0.292228,0.364716,0.377359,0.542973,0.267646,0.020641,0.645041,0.054613,nube
0.187808,0.046134,0.170848,0.450708,0.338469,0.234520,0.096703,0.717336,0.399576,0.001833,0.921473,0.003381,cieloDespejado
0.461311,0.555875,0.465784,0.525700,0.657263,0.628140,0.484289,0.590967,0.279948,0.115052,0.306883,0.192380,nube
0.260560,0.512172,0.547544,0.823374,0.873213,0.826779,0.624530,0.389897,0.055266,0.085263,0.387504,0.455302,nube
0.461967,0.556400,0.380634,0.361436,0.643602,0.628057,0.497868,0.383891,0.165647,0.087833,0.320235,0.240231,nube
0.413305,0.691861,0.594314,0.462819,0.736563,0.891701,0.878648,0.477913,0.105285,0.191588,0.164248,0.719069,nube
0.362951,0.581666,0.667090,0.755537,0.738610,0.795112,0.702859,0.667472,0.341239,0.041216,0.531634,0.319355,multiNube
0.475007,0.759671,0.514023,0.449940,0.902309,0.910879,0.746556,0.450685,0.135402,0.027453,0.556518,0.978870,nube
0.331497,0.115589,0.376285,0.588931,0.281042,0.148667,0.000000,0.537623,0.294994,0.007190,0.796213,0.000715,cieloDespejado
0.278271,0.609236,0.570266,0.710724,0.765283,0.946779,0.948850,0.755494,0.640974,0.014708,0.751475,0.611209,nube
0.357594,0.612999,0.544943,0.746682,0.793104,0.848362,0.743867,0.553909,0.192245,0.134351,0.255791,0.470516,nube
0.361192,0.664196,0.692648,0.701837,0.802798,0.919187,0.861516,0.431632,0.153457,0.017378,0.657530,0.723685,nube
0.390257,0.565081,0.535413,0.715714,0.731285,0.734852,0.601831,0.605346,0.478352,0.012406,0.717913,0.235810,multiNube
0.132533,0.332369,0.354538,0.623518,0.566504,0.729291,0.757446,0.495047,0.339869,0.034625,0.646848,0.113582,nube
0.306408,0.343662,0.396869,0.611579,0.509403,0.518060,0.434900,0.403276,0.202129,0.059815,0.415089,0.055068,nube
0.132890,0.151655,0.363247,0.805189,0.444445,0.462190,0.399696,0.597755,0.215852,0.070062,0.353229,0.042065,nube
0.336926,0.405431,0.574444,0.796651,0.633293,0.569199,0.402363,0.449641,0.203746,0.051433,0.453976,0.126455,nube
0.485074,0.519456,0.504217,0.521326,0.572142,0.543261,0.417172,0.554201,0.182870,0.150713,0.280616,0.315324,nube
0.800512,0.939818,0.811445,0.166024,0.718552,0.750046,0.641958,0.601188,0.352973,0.034551,0.531022,0.592029,nube
0.718067,0.915124,0.506535,0.124171,0.782928,0.821670,0.706084,0.429524,0.148209,0.268125,0.123422,0.932449,nube
0.348273,0.380721,0.502830,0.717676,0.547003,0.517867,0.396763,0.495165,0.287512,0.010642,0.745976,0.049672,nube
0.423905,0.503020,0.773516,0.761821,0.553461,0.599184,0.536533,0.723847,0.600865,0.010556,0.859246,0.196411,nube
0.225980,0.182270,0.498995,0.791520,0.416223,0.385351,0.289851,0.734128,0.309996,0.031185,0.684233,0.080749,nube
0.409993,0.281531,0.577993,0.712059,0.320172,0.290623,0.216004,0.495811,0.308055,0.008748,0.781667,0.007867,cieloDespejado
0.444514,0.645000,0.509795,0.491592,0.732321,0.781655,0.684974,0.458533,0.089991,0.113882,0.292229,0.641116,nube
0.337800,0.542655,0.591016,0.716629,0.664080,0.770518,0.733528,0.586509,0.299282,0.011268,0.716603,0.376113,nube
0.361132,0.712941,0.388001,0.493517,0.922540,0.991186,0.870668,0.650003,0.314339,0.018067,0.689954,0.997659,nube
0.669079,0.871796,0.549375,0.097946,0.824726,0.821949,0.664576,0.639198,0.452111,0.029818,0.551381,0.573695,nube
0.243559,0.406076,0.928026,1.000000,0.644719,0.692523,0.612700,0.604346,0.167720,0.090065,0.349644,0.334829,nube
0.540649,0.474104,0.830905,0.544630,0.319355,0.403506,0.419866,0.535319,0.101378,0.277869,0.241985,0.219817,multiNube
0.824360,0.872853,0.653143,0.083531,0.665466,0.619985,0.461375,0.390503,0.222710,0.107298,0.313248,0.199792,nube
0.430322,0.663443,0.723093,0.795211,0.793259,0.827468,0.706130,0.543120,0.338105,0.064497,0.427551,0.453482,nube
0.515468,0.263946,0.591914,0.425883,0.127787,0.126434,0.114041,0.551700,0.192967,0.023370,0.607444,0.039659,nube
0.305248,0.582540,0.563555,0.624276,0.690978,0.872032,0.889085,0.532672,0.281274,0.057982,0.376548,0.641571,multiNube
0.271419,0.307234,0.423757,0.732141,0.495221,0.510172,0.434965,0.457475,0.139043,0.053360,0.431192,0.045966,nube
0.450222,0.384052,0.569885,0.588201,0.415856,0.389160,0.297070,0.433319,0.175157,0.023792,0.627274,0.136922,nube
0.562387,0.569025,0.542209,0.315417,0.522303,0.515066,0.416548,0.498761,0.234914,0.150418,0.304932,0.203173,nube
0.551768,0.849054,0.823772,0.485651,0.809168,0.942151,0.896417,0.062588,0.048734,0.165477,0.338964,0.993759,multiNube
0.475749,0.754675,0.385696,0.225477,0.812773,0.902535,0.821538,0.581651,0.321367,0.041574,0.519902,0.887719,multiNube
0.462856,0.639477,0.673538,0.684098,0.721918,0.749466,0.637531,0.571490,0.201847,0.151191,0.294934,0.375073,multiNube
0.319660,0.631180,0.435441,0.451756,0.752659,0.924907,0.922197,0.439627,0.194674,0.050290,0.480598,0.788960,multiNube
0.744836,0.936206,0.558542,0.114502,0.768624,0.817689,0.713299,0.436718,0.156576,0.409219,0.070064,0.874195,nube
0.319133,0.541538,0.367996,0.557651,0.770181,0.793337,0.667933,0.604855,0.260678,0.030608,0.558465,0.527924,multiNube
0.529477,0.867993,0.551082,0.264916,0.877276,0.999311,0.930776,0.570436,0.295348,0.026702,0.601755,0.996944,nube
0.480439,0.365285,0.470863,0.358947,0.302867,0.321865,0.289592,0.630812,0.238460,0.049357,0.543771,0.130876,multiNube
0.609322,0.845705,0.515008,0.311554,0.842049,0.861773,0.718797,0.499000,0.159718,0.327232,0.105755,0.833886,nube
0.614054,0.728782,0.633825,0.364183,0.766955,0.683060,0.472823,0.386480,0.059597,0.280703,0.105053,0.093557,nube
0.583179,0.762245,0.724750,0.402146,0.680043,0.772899,0.721767,0.588302,0.355214,0.013545,0.696549,0.458228,nube
0.252270,0.456224,0.440429,0.745058,0.715533,0.755096,0.654075,0.551802,0.153635,0.045571,0.515432,0.300501,multiNube
0.260186,0.427473,0.583893,0.873940,0.706413,0.702299,0.568278,0.598628,0.193022,0.104636,0.359742,0.266628,nube
0.427977,0.728884,0.616033,0.619651,0.869935,0.927096,0.808263,0.370215,0.000000,0.155134,0.179461,0.911384,nube
0.313630,0.625873,0.336525,0.508169,0.940599,0.924981,0.733437,0.426980,0.153916,0.109291,0.337241,0.888239,nube
0.493740,0.284103,0.659516,0.459543,0.164916,0.184652,0.181440,0.551630,0.263908,0.025654,0.639914,0.053313,nube
0.541604,0.275049,0.633725,0.505461,0.166959,0.108560,0.042522,0.552695,0.255224,0.003656,0.845406,0.045901,cieloDespejado
0.383078,0.593488,0.500540,0.479637,0.762477,0.786175,0.662794,0.451293,0.056934,0.182923,0.185720,0.535466,nube
0.295975,0.604570,0.576772,0.771504,0.898806,0.916689,0.760527,0.357158,0.035218,0.085232,0.353076,0.764840,nube
0.331576,0.463741,0.976076,0.911114,0.589887,0.662244,0.613348,0.529342,0.287467,0.049048,0.498854,0.358039,nube
0.400793,0.628983,0.592819,0.536694,0.702432,0.815327,0.775579,0.690343,0.525879,0.060863,0.482172,0.272869,nube
0.350350,0.228728,0.374038,0.558526,0.414210,0.290887,0.121965,0.566014,0.217371,0.036134,0.563308,0.019895,nube
0.342505,0.392344,0.544498,0.727778,0.529357,0.542577,0.458941,0.664241,0.435537,0.004297,0.857906,0.085950,nube
0.349131,0.399588,0.523290,0.761097,0.593442,0.544580,0.398135,0.503329,0.274801,0.012176,0.736107,0.098693,nube
0.479374,0.783229,0.475607,0.437350,0.975512,0.939914,0.725206,0.360806,0.121786,0.019321,0.647357,0.976009,nube
0.339213,0.651209,0.616349,0.765488,0.854704,0.928831,0.826692,0.401836,0.030791,0.100563,0.315654,0.797412,nube
0.271179,0.434956,0.458581,0.660685,0.610450,0.698933,0.658673,0.470896,0.176486,0.070109,0.347707,0.206228,nube
0.410786,0.283646,0.597934,0.620313,0.282646,0.292705,0.257464,0.464563,0.187081,0.037633,0.535138,0.037969,nube
0.436408,0.637572,0.613483,0.607062,0.791982,0.781320,0.624409,0.397489,0.092524,0.065398,0.479809,0.490345,nube
0.382633,0.587479,0.635319,0.702840,0.764941,0.777892,0.645421,0.500606,0.085187,0.141334,0.231927,0.486314,nube
0.386884,0.398117,0.569258,0.650931,0.474192,0.492928,0.425084,0.419214,0.149465,0.100985,0.282399,0.068981,nube
0.263621,0.035350,0.421482,0.600695,0.122289,0.119242,0.106632,0.586475,0.297556,0.005388,0.848158,0.017424,cieloDespejado
0.420800,0.716012,0.360342,0.265212,0.824419,0.917511,0.836770,0.501785,0.215798,0.084557,0.357320,0.943697,nube
0.448870,0.705987,0.563807,0.552559,0.792645,0.865930,0.775927,0.476495,0.152504,0.096973,0.305877,0.674664,multiNube
0.153401,0.098002,0.428829,0.705691,0.277472,0.356145,0.376774,0.687252,0.290528,0.016634,0.670069,0.049347,nube
0.431541,0.724175,0.529249,0.586172,0.908728,0.915477,0.748375,0.443065,0.162946,0.060588,0.439712,0.901697,nube
0.387098,0.472517,0.621887,0.632148,0.559599,0.602420,0.536185,0.426502,0.150117,0.123618,0.291965,0.156947,nube
0.316545,0.614792,0.539763,0.581203,0.771423,0.904810,0.867190,0.658326,0.375152,0.018933,0.694797,0.593394,nube
0.348139,0.516698,0.861542,0.841194,0.633171,0.718669,0.671336,0.522379,0.288033,0.079912,0.350420,0.293154,nube
0.328379,0.553710,0.637542,0.724101,0.773987,0.799178,0.674614,0.587538,0.062366,0.236064,0.164711,0.562252,nube
0.342100,0.421683,0.611912,0.829763,0.633205,0.586395,0.433383,0.509886,0.289137,0.028994,0.574633,0.127755,nube
0.306422,0.543846,0.511757,0.735640,0.767707,0.813402,0.706511,0.435876,0.044652,0.142942,0.229720,0.489565,nube
0.746685,0.604127,0.704961,0.277524,0.284756,0.325302,0.313976,0.509239,0.213604,0.142171,0.428645,0.127820,nube
0.225477,0.018431,0.470502,0.642088,0.094580,0.144274,0.179507,0.609934,0.308290,0.003430,0.849806,0.031988,cieloDespejado
0.291953,0.330268,0.586775,0.823246,0.507914,0.517243,0.434927,0.559881,0.296751,0.007928,0.802608,0.079189,nube
0.114749,0.169537,0.183891,0.549493,0.447780,0.512351,0.486567,0.584552,0.317395,0.024889,0.665056,0.013263,nube
0.365184,0.372775,0.638462,0.826542,0.534601,0.483979,0.348273,0.537909,0.316528,0.036561,0.572399,0.112932,nube
0.578811,0.846501,0.601503,0.269783,0.744902,0.902939,0.890480,0.576265,0.278554,0.029202,0.588250,0.965152,multiNube
0.229205,0.435968,0.644617,0.830355,0.625484,0.755442,0.745203,0.620062,0.080996,0.200799,0.239632,0.459918,nube
0.358866,0.391288,0.727160,0.720279,0.468825,0.519574,0.478406,0.314641,0.202919,0.886840,0.248558,0.183993,nube
0.059884,0.277216,0.010114,0.325081,0.665502,0.743135,0.682847,0.958350,0.840381,0.004304,0.884330,0.049802,nube
0.237333,0.121235,0.507785,0.838677,0.316300,0.280416,0.201536,0.565758,0.314302,0.009710,0.758680,0.015864,nube
0.289370,0.655167,0.929048,0.843383,0.849887,1.000000,0.959544,0.075774,0.062095,0.095236,0.430576,0.955595,multiNube
0.513385,0.787689,0.560936,0.445363,0.847631,0.901917,0.785392,0.534624,0.244195,0.013056,0.734667,0.703205,multiNube
0.540565,0.828818,0.730266,0.474723,0.924219,0.926977,0.753489,0.310300,0.051449,0.061491,0.397437,0.991938,nube
0.503197,0.760405,0.574428,0.563158,0.927419,0.875015,0.656811,0.419718,0.097559,0.161728,0.200575,0.728886,nube
0.792437,1.000000,0.751605,0.127332,0.781440,0.849423,0.757499,0.679552,0.413873,0.022658,0.617579,0.976399,nube
0.162311,0.022119,0.230980,0.646928,0.330718,0.232506,0.100870,0.583603,0.307178,0.005658,0.795613,0.000000,cieloDespejado
0.377818,0.575529,0.544612,0.708724,0.697577,0.766571,0.692763,0.555687,0.142908,0.254100,0.182431,0.441779,multiNube
0.321031,0.177246,0.375850,0.631983,0.371988,0.253357,0.096896,0.599999,0.274093,0.014374,0.659832,0.013913,nube
0.333402,0.503609,0.662571,0.852038,0.686021,0.718672,0.618223,0.600381,0.320356,0.029018,0.555879,0.261621,multiNube
0.599773,0.507067,0.651210,0.387563,0.394731,0.374649,0.292204,0.588279,0.397566,0.014946,0.717241,0.109291,nube
0.662479,0.427628,0.530991,0.192240,0.212043,0.175254,0.117169,0.496156,0.210383,0.084230,0.335126,0.009102,multiNube
0.463133,0.658820,0.687464,0.713144,0.856977,0.777643,0.552469,0.333465,0.079430,0.106945,0.290898,0.463429,multiNube
0.424219,0.607570,0.544898,0.483117,0.705433,0.753029,0.660509,0.406248,0.104711,0.091489,0.315553,0.459593,multiNube
0.661326,0.710050,0.672350,0.325649,0.544467,0.593463,0.535282,0.443855,0.156068,0.139308,0.326017,0.433847,nube
0.550036,0.788134,0.703293,0.470949,0.775869,0.854536,0.772295,0.920489,1.000000,0.004120,0.922351,0.452051,nube
0.383297,0.544976,0.921479,0.825309,0.664099,0.714311,0.632411,0.428206,0.206609,0.073630,0.398604,0.310318,nube
0.700964,0.945466,0.588235,0.243530,0.934366,0.888854,0.674722,0.378165,0.172941,0.029234,0.555203,0.998960,nube
0.322291,0.637416,0.325150,0.167726,0.738626,0.930661,0.946650,1.000000,0.833571,0.001745,0.963533,0.808985,nube
0.323808,0.208011,0.441131,0.631382,0.288232,0.295108,0.256173,0.602950,0.340546,0.006640,0.813469,0.029842,nube
0.385854,0.543304,0.758268,0.802323,0.640243,0.708493,0.645924,0.597205,0.392795,0.025046,0.639706,0.274755,multiNube
0.474815,0.294738,0.630485,0.433896,0.109031,0.225148,0.310448,0.527392,0.173844,0.038789,0.513145,0.053768,nube
0.424152,0.165433,0.615212,0.503305,0.088431,0.100768,0.107432,0.514892,0.214539,0.009499,0.759106,0.031532,cieloDespejado
0.492699,0.785408,0.592804,0.293600,0.768447,0.925665,0.907692,0.534288,0.420968,0.044801,0.604130,0.986997,nube
0.262708,0.220835,0.464821,0.776685,0.466504,0.394112,0.255073,0.560940,0.178613,0.079028,0.529332,0.088031,nube
0.618001,0.689805,0.513873,0.326869,0.644727,0.620377,0.482925,0.482385,0.187083,0.208094,0.226281,0.273064,nube
0.373505,0.655519,0.336850,0.312271,0.765089,0.890245,0.847359,0.539842,0.311324,0.031531,0.523613,0.723750,nube
0.422578,0.623584,0.792723,0.682632,0.657686,0.778808,0.754867,0.182889,0.189047,0.304105,0.232611,0.436643,nube
0.135513,0.071696,0.256366,0.642184,0.368702,0.340777,0.257438,0.644206,0.336687,0.009692,0.774913,0.012548,nube
0.240455,0.366600,0.802589,0.982367,0.649093,0.638346,0.510857,0.561814,0.217641,0.044668,0.534067,0.332943,nube
0.210127,0.248356,0.445205,0.845375,0.483965,0.503635,0.434520,0.561101,0.286333,0.030805,0.601182,0.091802,nube
0.215666,0.222334,0.362469,0.719245,0.530351,0.457980,0.305781,0.555987,0.161782,0.064137,0.486447,0.079644,nube
0.247986,0.329935,0.510387,0.773081,0.493883,0.574379,0.551798,0.593014,0.269626,0.022246,0.594166,0.080034,nube
0.726248,0.927616,0.604602,0.220782,0.804312,0.829377,0.698455,0.459844,0.077327,0.425076,0.052599,0.935505,nube
0.700741,0.906311,0.668267,0.287245,0.877414,0.831375,0.628575,0.270041,0.085784,0.092784,0.315514,0.830830,multiNube
1.000000,0.654789,0.807849,0.060017,0.021579,0.068037,0.115751,0.737703,0.799725,0.139681,0.266121,0.004226,multiNube
0.392734,0.462768,0.766426,0.740152,0.556203,0.580648,0.500439,0.326764,0.050776,0.076803,0.353814,0.177817,nube
0.331379,0.615796,0.614340,0.826050,0.855584,0.886850,0.750297,0.604307,0.276949,0.049637,0.501083,0.579611,multiNube
0.300484,0.322604,0.479968,0.759094,0.528558,0.494755,0.373729,0.553978,0.177967,0.077286,0.472919,0.096548,multiNube
0.474961,0.789083,0.678049,0.648896,0.923816,0.954336,0.803105,0.579128,0.132572,0.175918,0.276634,0.991678,nube
0.600899,0.856986,0.428849,0.187054,0.915936,0.889460,0.694334,0.473413,0.221216,0.036956,0.536222,0.981146,nube
0.445307,0.393737,0.578783,0.596842,0.421818,0.409891,0.328368,0.354702,0.108463,0.078388,0.412133,0.032118,nube
0.269151,0.273861,0.595527,0.894423,0.514467,0.463904,0.332401,0.529627,0.217773,0.062424,0.459798,0.114492,nube
0.254067,0.309271,0.664295,0.878838,0.434068,0.535920,0.542741,0.518294,0.258935,0.012892,0.716657,0.031988,nube
0.285525,0.246547,0.528652,0.800468,0.478963,0.402144,0.256999,0.654813,0.218740,0.090500,0.554359,0.078929,nube
0.443153,0.716045,0.308337,0.274817,0.867730,0.888261,0.740629,0.541921,0.270048,0.032692,0.535722,0.768871,nube
0.335068,0.399523,0.633790,0.809244,0.575359,0.562916,0.449291,0.635724,0.377184,0.009798,0.789548,0.132046,nube
0.591937,0.350035,0.527505,0.392893,0.233752,0.153227,0.055731,0.520968,0.246454,0.006544,0.826882,0.000520,cieloDespejado
0.259336,0.344348,0.629693,0.890588,0.562143,0.580768,0.494684,0.565097,0.112738,0.063310,0.430965,0.213640,nube
0.637960,0.346765,0.662423,0.342286,0.077157,0.088082,0.095945,0.385541,0.136431,0.040598,0.504537,0.030362,nube
0.303557,0.195338,0.568730,0.657706,0.272356,0.302953,0.286240,0.611415,0.197386,0.045964,0.564740,0.062155,nube
0.105617,0.113446,0.124997,0.548628,0.418286,0.441562,0.388883,0.593317,0.301733,0.024167,0.632442,0.007737,nube
0.063180,0.208846,0.283290,0.880575,0.605631,0.637940,0.553810,0.765157,0.332895,0.075505,0.492239,0.208634,nube
0.335925,0.161886,0.535048,0.527993,0.114159,0.211172,0.280155,0.490711,0.300773,0.008377,0.840945,0.035563,cieloDespejado
0.342014,0.421178,0.561711,0.782398,0.595130,0.585764,0.470516,0.478773,0.106877,0.297887,0.221729,0.209544,nube
0.779765,0.875845,0.761527,0.224491,0.765737,0.682849,0.473667,0.459286,0.106532,0.855689,0.000000,0.225278,nube
0.462364,0.733618,0.397923,0.137667,0.803663,0.889011,0.806368,0.753872,0.519979,0.016676,0.699897,0.987907,nube
0.318332,0.150060,0.385977,0.640782,0.311246,0.216783,0.092160,0.505080,0.254604,0.009857,0.730412,0.000650,cieloDespejado
0.514319,0.802178,0.646668,0.390492,0.784132,0.922070,0.885462,0.584061,0.280650,0.062245,0.493617,0.976790,nube
0.679407,0.427666,0.657941,0.308345,0.173295,0.153123,0.116307,0.483518,0.198595,0.013930,0.693443,0.040635,nube
0.339784,0.266053,0.475472,0.691424,0.419136,0.359807,0.240979,0.533542,0.151001,0.069454,0.510431,0.050647,nube
0.368005,0.473074,0.530400,0.663074,0.604337,0.628266,0.537709,0.569478,0.322367,0.012897,0.691619,0.133086,nube
0.241867,0.063975,0.449140,0.602461,0.142102,0.189990,0.213971,0.626574,0.323363,0.002235,0.862868,0.029257,cieloDespejado
0.177511,0.262568,0.508134,0.723056,0.472532,0.567353,0.560620,0.589939,0.117981,0.087423,0.430992,0.183213,nube
0.642867,0.782456,0.629973,0.396774,0.792378,0.724487,0.521786,0.518596,0.467846,0.034544,0.556850,0.299330,nube
0.507062,0.489834,0.656550,0.420554,0.450333,0.470736,0.409149,0.515564,0.143173,0.088863,0.348547,0.222027,multiNube
0.083771,0.102008,0.217789,0.543134,0.347885,0.453318,0.480787,0.709191,0.441464,0.011572,0.785787,0.020480,nube
0.303149,0.569860,0.511533,0.512955,0.671000,0.856074,0.880462,0.307164,0.169595,0.174514,0.324193,0.553475,multiNube
0.513891,0.665244,0.679834,0.581822,0.696851,0.720594,0.610794,0.465226,0.112740,0.302316,0.168283,0.476887,nube
0.438079,0.481898,0.512134,0.507083,0.573988,0.549442,0.426433,0.502709,0.164740,0.079060,0.386720,0.143229,multiNube
0.388763,0.381563,0.708375,0.829124,0.440381,0.466041,0.410706,0.540114,0.204465,0.062404,0.496171,0.132176,nube
0.341839,0.455823,0.632184,0.742556,0.549028,0.637109,0.609204,0.614183,0.365755,0.014978,0.711274,0.095442,nube
0.322080,0.546170,0.466293,0.683769,0.767380,0.796308,0.676094,0.500094,0.182373,0.079446,0.361379,0.405695,multiNube
0.325540,0.383158,0.464452,0.722042,0.550289,0.551259,0.453521,0.425682,0.192063,0.041449,0.483751,0.098368,nube
0.535442,0.823179,0.367302,0.206681,0.910081,0.925372,0.764812,0.588207,0.335948,0.012885,0.724787,0.804564,nube
0.450405,0.394379,0.692327,0.578098,0.411256,0.404157,0.328669,0.623465,0.330102,0.011540,0.744336,0.116767,nube
0.362434,0.563547,0.396022,0.543993,0.731060,0.769056,0.663580,0.895558,0.823840,0.007248,0.813506,0.259866,nube
0.316677,0.469962,0.623562,0.748086,0.636722,0.690950,0.617908,0.525432,0.157150,0.102859,0.326842,0.334439,nube
0.187628,0.035538,0.363226,0.600708,0.167937,0.219122,0.240404,0.659411,0.341220,0.004059,0.832989,0.030557,cieloDespejado
0.426214,0.616220,0.414424,0.459225,0.677991,0.763178,0.706346,0.433712,0.214140,0.049608,0.444139,0.327287,nube
0.283359,0.552682,0.276291,0.298765,0.714228,0.856667,0.838081,0.779175,0.550504,0.038585,0.615924,0.432807,nube
0.631390,0.536816,0.684793,0.425820,0.359684,0.377103,0.331842,0.565545,0.261222,0.195295,0.403947,0.164489,nube
0.447870,0.688528,0.641725,0.518555,0.781685,0.841480,0.742966,0.279547,0.044286,0.066885,0.346343,0.639750,nube
0.277405,0.521292,0.342730,0.429691,0.693096,0.818157,0.790053,0.647941,0.388306,0.055833,0.455483,0.520447,multiNube
0.472897,0.589408,0.710765,0.608038,0.669461,0.662432,0.533709,0.499104,0.212893,0.058216,0.432285,0.306807,multiNube
0.362387,0.505606,0.754054,0.788064,0.621583,0.683630,0.619957,0.585030,0.243494,0.054665,0.570486,0.299395,multiNube
0.360978,0.629893,0.516831,0.492217,0.660804,0.868854,0.913698,0.775390,0.563952,0.003597,0.888247,0.547559,nube
0.268261,0.278143,0.519689,0.654265,0.379012,0.471388,0.482004,0.678685,0.179949,0.069662,0.485709,0.153631,nube
0.331269,0.586577,0.538997,0.628840,0.704155,0.843884,0.825212,0.795158,0.536939,0.047367,0.511064,0.425785,nube
0.354665,0.152210,0.466949,0.613817,0.220384,0.172335,0.103535,0.592996,0.293894,0.003514,0.879188,0.007412,nube
0.277367,0.318739,0.391405,0.548773,0.447947,0.519351,0.498990,0.605970,0.260649,0.031295,0.586368,0.087641,nube
0.597611,0.699972,0.796615,0.448404,0.623862,0.662103,0.578947,0.570075,0.237364,0.188810,0.476752,0.533190,nube
0.295158,0.576579,0.618175,0.653588,0.668049,0.876460,0.920096,0.395964,0.083936,0.075569,0.334877,0.587348,multiNube
0.479613,0.723477,0.651194,0.554766,0.775198,0.851440,0.767400,0.583921,0.348022,0.051276,0.461287,0.482283,nube
0.361329,0.632126,0.307168,0.450368,0.915562,0.871688,0.662744,0.506472,0.215257,0.132643,0.291434,0.717054,nube
0.082619,0.168944,0.228889,0.816750,0.527669,0.553587,0.480443,0.662787,0.374544,0.041545,0.581458,0.084195,nube
0.171785,0.479768,0.337478,0.486759,0.629233,0.895323,0.993037,0.335610,0.196965,0.042389,0.552652,0.535856,nube
0.331261,0.132276,0.469659,0.700716,0.266768,0.173598,0.059188,0.570209,0.297393,0.009852,0.758715,0.006306,nube
0.541561,0.815564,0.493728,0.283223,0.918257,0.906115,0.721959,0.464773,0.179804,0.020663,0.638707,0.967687,nube
0.310051,0.589795,0.193202,0.271921,0.824075,0.876440,0.763242,0.666379,0.537494,0.033430,0.519223,0.629998,nube
0.273042,0.255754,0.510044,0.735739,0.357162,0.432089,0.433279,0.638271,0.378446,0.002037,0.880130,0.051687,cieloDespejado
0.408273,0.304186,0.732738,0.728400,0.291708,0.326304,0.308790,0.563818,0.284693,0.022972,0.640660,0.070997,nube
0.349834,0.632039,0.505386,0.536183,0.748120,0.886627,0.857906,0.621242,0.338820,0.035798,0.508035,0.781159,multiNube
0.301533,0.296112,0.590684,0.668805,0.364071,0.454292,0.466271,0.634019,0.137147,0.063756,0.447162,0.169950,nube
0.269686,0.562422,0.203106,0.321868,0.766079,0.888959,0.844050,0.857419,0.605773,0.006345,0.836853,0.588128,nube
0.280770,0.191477,0.298227,0.545098,0.306601,0.327123,0.295295,0.601565,0.330756,0.013017,0.736347,0.004551,nube
0.516370,0.773472,0.544274,0.323815,0.754818,0.877028,0.833909,0.547019,0.312906,0.037474,0.535097,0.799558,multiNube
0.393288,0.423453,0.656031,0.769635,0.576959,0.521916,0.373936,0.597712,0.205848,0.094929,0.501836,0.219622,nube
0.435699,0.531344,0.475251,0.529892,0.670935,0.625515,0.465825,0.551829,0.123736,0.176659,0.287232,0.360380,multiNube
